       2500
      1.5000      0.0000
      2.5000      0.0000
      3.5000      0.0000
      4.5000      0.0000
      5.5000      0.0000
      6.5000      0.0000
      7.5000      0.0000
      8.5000      0.0000
      9.5000      0.0000
     10.5000      0.0000
     11.5000      0.0000
     12.5000      0.0000
     13.5000      0.0000
     14.5000      0.0000
     15.5000      0.0000
     16.5000      0.0000
     17.5000      0.0000
     18.5000      0.0000
     19.5000      0.0000
     20.5000      0.0000
     21.5000      0.0000
     22.5000      0.0000
     23.5000      0.0000
     24.5000      0.0000
     25.5000      0.0000
     26.5000      0.0000
     27.5000      0.0000
     28.5000      0.0000
     29.5000      0.0000
     30.5000      0.0000
     31.5000      0.0000
     32.5000      0.0000
     33.5000      0.0000
     34.5000      0.0000
     35.5000      0.0000
     36.5000      0.0000
     37.5000      0.0000
     38.5000      0.0000
     39.5000      0.0000
     40.5000      0.0000
     41.5000      0.0000
     42.5000      0.0000
     43.5000      0.0000
     44.5000      0.0000
     45.5000      0.0000
     46.5000      0.0000
     47.5000      0.0000
     48.5000      0.0000
     49.5000      0.0000
     50.5000      0.0000
     51.5000      0.0000
     52.5000      0.0000
     53.5000      0.0000
     54.5000      0.0000
     55.5000      0.0000
     56.5000      0.0000
     57.5000      0.0000
     58.5000      0.0000
     59.5000      0.0000
     60.5000      0.0000
     61.5000      0.0000
     62.5000      0.0000
     63.5000      0.0000
     64.5000      0.0000
     65.5000      0.0000
     66.5000      0.0000
     67.5000      0.0000
     68.5000      0.0000
     69.5000      0.0000
     70.5000      0.0000
     71.5000      0.0000
     72.5000      0.0000
     73.5000      0.0000
     74.5000      0.0000
     75.5000      0.0000
     76.5000      0.0000
     77.5000      0.0000
     78.5000      0.0000
     79.5000      0.0000
     80.5000      0.0000
     81.5000      0.0000
     82.5000      0.0000
     83.5000      0.0000
     84.5000      0.0000
     85.5000      0.0000
     86.5000      0.0000
     87.5000      0.0000
     88.5000      0.0000
     89.5000      0.0000
     90.5000      0.0000
     91.5000      0.0000
     92.5000      0.0000
     93.5000      0.0000
     94.5000      0.0000
     95.5000      0.0000
     96.5000      0.0000
     97.5000      0.0000
     98.5000      0.0000
     99.5000      0.0000
    100.5000      0.0000
    101.5000      0.0000
    102.5000      0.0000
    103.5000      0.0000
    104.5000      0.0000
    105.5000      0.0000
    106.5000      0.0000
    107.5000      0.0000
    108.5000      0.0000
    109.5000      0.0000
    110.5000      0.0000
    111.5000      0.0000
    112.5000      0.0000
    113.5000      0.0000
    114.5000      0.0000
    115.5000      0.0000
    116.5000      0.0000
    117.5000      0.0000
    118.5000      0.0000
    119.5000      0.0000
    120.5000      0.0000
    121.5000      0.0000
    122.5000      0.0000
    123.5000      0.0000
    124.5000      0.0000
    125.5000      0.0000
    126.5000      0.0000
    127.5000      0.0000
    128.5000      0.0000
    129.5000      0.0000
    130.5000      0.0000
    131.5000      0.0000
    132.5000      0.0000
    133.5000      0.0000
    134.5000      0.0000
    135.5000      0.0000
    136.5000      0.0000
    137.5000      0.0000
    138.5000      0.0000
    139.5000      0.0000
    140.5000      0.0000
    141.5000      0.0000
    142.5000      0.0000
    143.5000      0.0000
    144.5000      0.0000
    145.5000      0.0000
    146.5000      0.0000
    147.5000      0.0000
    148.5000      0.0000
    149.5000      0.0000
    150.5000      0.0000
    151.5000      0.0000
    152.5000      0.0000
    153.5000      0.0000
    154.5000      0.0000
    155.5000      0.0000
    156.5000      0.0000
    157.5000      0.0000
    158.5000      0.0000
    159.5000      0.0000
    160.5000      0.0000
    161.5000      0.0000
    162.5000      0.0000
    163.5000      0.0000
    164.5000      0.0000
    165.5000      0.0000
    166.5000      0.0000
    167.5000      0.0000
    168.5000      0.0000
    169.5000      0.0000
    170.5000      0.0000
    171.5000      0.0000
    172.5000      0.0000
    173.5000      0.0000
    174.5000      0.0000
    175.5000      0.0000
    176.5000      0.0000
    177.5000      0.0000
    178.5000      0.0000
    179.5000      0.0000
    180.5000      0.0000
    181.5000      0.0000
    182.5000      0.0000
    183.5000      0.0000
    184.5000      0.0000
    185.5000      0.0000
    186.5000      0.0000
    187.5000      0.0000
    188.5000      0.0000
    189.5000      0.0000
    190.5000      0.0000
    191.5000      0.0000
    192.5000      0.0000
    193.5000      0.0000
    194.5000      0.0000
    195.5000      0.0000
    196.5000      0.0000
    197.5000      0.0000
    198.5000      0.0000
    199.5000      0.0000
    200.5000      0.0000
    201.5000      0.0000
    202.5000      0.0000
    203.5000      0.0000
    204.5000      0.0000
    205.5000      0.0000
    206.5000      0.0000
    207.5000      0.0000
    208.5000      0.0000
    209.5000      0.0000
    210.5000      0.0000
    211.5000      0.0000
    212.5000      0.0000
    213.5000      0.0000
    214.5000      0.0000
    215.5000      0.0000
    216.5000      0.0000
    217.5000      0.0000
    218.5000      0.0000
    219.5000      0.0000
    220.5000      0.0000
    221.5000      0.0000
    222.5000      0.0000
    223.5000      0.0000
    224.5000      0.0000
    225.5000      0.0000
    226.5000      0.0000
    227.5000      0.0000
    228.5000      0.0000
    229.5000      0.0000
    230.5000      0.0000
    231.5000      0.0000
    232.5000      0.0000
    233.5000      0.0000
    234.5000      0.0000
    235.5000      0.0000
    236.5000      0.0000
    237.5000      0.0000
    238.5000      0.0000
    239.5000      0.0000
    240.5000      0.0000
    241.5000      0.0000
    242.5000      0.0000
    243.5000      0.0000
    244.5000      0.0000
    245.5000      0.0000
    246.5000      0.0000
    247.5000      0.0000
    248.5000      0.0000
    249.5000      0.0000
    250.5000      0.0000
    251.5000      0.0000
    252.5000      0.0000
    253.5000      0.0000
    254.5000      0.0000
    255.5000      0.0000
    256.5000      0.0000
    257.5000      0.0000
    258.5000      0.0000
    259.5000      0.0000
    260.5000      0.0000
    261.5000      0.0000
    262.5000      0.0000
    263.5000      0.0000
    264.5000      0.0000
    265.5000      0.0000
    266.5000      0.0000
    267.5000      0.0000
    268.5000      0.0000
    269.5000      0.0000
    270.5000      0.0000
    271.5000      0.0000
    272.5000      0.0000
    273.5000      0.0000
    274.5000      0.0000
    275.5000      0.0000
    276.5000      0.0000
    277.5000      0.0000
    278.5000      0.0000
    279.5000      0.0000
    280.5000      0.0000
    281.5000      0.0000
    282.5000      0.0000
    283.5000      0.0000
    284.5000      0.0000
    285.5000      0.0000
    286.5000      0.0000
    287.5000      0.0000
    288.5000      0.0000
    289.5000      0.0000
    290.5000      0.0000
    291.5000      0.0000
    292.5000      0.0000
    293.5000      0.0000
    294.5000      0.0000
    295.5000      0.0000
    296.5000      0.0000
    297.5000      0.0000
    298.5000      0.0000
    299.5000      0.0000
    300.5000      0.0000
    301.5000      0.0000
    302.5000      0.0000
    303.5000      0.0000
    304.5000      0.0000
    305.5000      0.0000
    306.5000      0.0000
    307.5000      0.0000
    308.5000      0.0000
    309.5000      0.0000
    310.5000      0.0000
    311.5000      0.0000
    312.5000      0.0000
    313.5000      0.0000
    314.5000      0.0000
    315.5000      0.0000
    316.5000      0.0000
    317.5000      0.0000
    318.5000      0.0000
    319.5000      0.0000
    320.5000      0.0000
    321.5000      0.0000
    322.5000      0.0000
    323.5000      0.0000
    324.5000      0.0000
    325.5000      0.0000
    326.5000      0.0000
    327.5000      0.0000
    328.5000      0.0000
    329.5000      0.0000
    330.5000      0.0000
    331.5000      0.0000
    332.5000      0.0000
    333.5000      0.0000
    334.5000      0.0000
    335.5000      0.0000
    336.5000      0.0000
    337.5000      0.0000
    338.5000      0.0000
    339.5000      0.0000
    340.5000      0.0000
    341.5000      0.0000
    342.5000      0.0000
    343.5000      0.0000
    344.5000      0.0000
    345.5000      0.0000
    346.5000      0.0000
    347.5000      0.0000
    348.5000      0.0000
    349.5000      0.0000
    350.5000      0.0000
    351.5000      0.0000
    352.5000      0.0000
    353.5000      0.0000
    354.5000      0.0000
    355.5000      0.0000
    356.5000      0.0000
    357.5000      0.0000
    358.5000      0.0000
    359.5000      0.0000
    360.5000      0.0000
    361.5000      0.0000
    362.5000      0.0000
    363.5000      0.0000
    364.5000      0.0000
    365.5000      0.0000
    366.5000      0.0000
    367.5000      0.0000
    368.5000      0.0000
    369.5000      0.0000
    370.5000      0.0000
    371.5000      0.0000
    372.5000      0.0000
    373.5000      0.0000
    374.5000      0.0000
    375.5000      0.0000
    376.5000      0.0000
    377.5000      0.0000
    378.5000      0.0000
    379.5000      0.0000
    380.5000      0.0000
    381.5000      0.0000
    382.5000      0.0000
    383.5000      0.0000
    384.5000      0.0000
    385.5000      0.0000
    386.5000      0.0000
    387.5000      0.0000
    388.5000      0.0000
    389.5000      0.0000
    390.5000      0.0000
    391.5000      0.0000
    392.5000      0.0000
    393.5000      0.0000
    394.5000      0.0000
    395.5000      0.0000
    396.5000      0.0000
    397.5000      0.0000
    398.5000      0.0000
    399.5000      0.0000
    400.5000      0.0000
    401.5000      0.0000
    402.5000      0.0000
    403.5000      0.0000
    404.5000      0.0000
    405.5000      0.0000
    406.5000      0.0000
    407.5000      0.0000
    408.5000      0.0000
    409.5000      0.0000
    410.5000      0.0000
    411.5000      0.0000
    412.5000      0.0000
    413.5000      0.0000
    414.5000      0.0000
    415.5000      0.0000
    416.5000      0.0000
    417.5000      0.0000
    418.5000      0.0000
    419.5000      0.0000
    420.5000      0.0000
    421.5000      0.0000
    422.5000      0.0000
    423.5000      0.0000
    424.5000      0.0000
    425.5000      0.0000
    426.5000      0.0000
    427.5000      0.0000
    428.5000      0.0000
    429.5000      0.0000
    430.5000      0.0000
    431.5000      0.0000
    432.5000      0.0000
    433.5000      0.0000
    434.5000      0.0000
    435.5000      0.0000
    436.5000      0.0000
    437.5000      0.0000
    438.5000      0.0000
    439.5000      0.0000
    440.5000      0.0000
    441.5000      0.0000
    442.5000      0.0000
    443.5000      0.0000
    444.5000      0.0000
    445.5000      0.0000
    446.5000      0.0000
    447.5000      0.0000
    448.5000      0.0000
    449.5000      0.0000
    450.5000      0.0000
    451.5000      0.0000
    452.5000      0.0000
    453.5000      0.0000
    454.5000      0.0000
    455.5000      0.0000
    456.5000      0.0000
    457.5000      0.0000
    458.5000      0.0000
    459.5000      0.0000
    460.5000      0.0000
    461.5000      0.0000
    462.5000      0.0000
    463.5000      0.0000
    464.5000      0.0000
    465.5000      0.0000
    466.5000      0.0000
    467.5000      0.0000
    468.5000      0.0000
    469.5000      0.0000
    470.5000      0.0000
    471.5000      0.0000
    472.5000      0.0000
    473.5000      0.0000
    474.5000      0.0000
    475.5000      0.0000
    476.5000      0.0000
    477.5000      0.0000
    478.5000      0.0000
    479.5000      0.0000
    480.5000      0.0000
    481.5000      0.0000
    482.5000      0.0000
    483.5000      0.0000
    484.5000      0.0000
    485.5000      0.0000
    486.5000      0.0000
    487.5000      0.0000
    488.5000      0.0000
    489.5000      0.0000
    490.5000      0.0000
    491.5000      0.0000
    492.5000      0.0000
    493.5000      0.0000
    494.5000      0.0000
    495.5000      0.0000
    496.5000      0.0000
    497.5000      0.0000
    498.5000      0.0000
    499.5000      0.0000
    500.5000      0.0000
    501.5000      0.0000
    502.5000      0.0000
    503.5000      0.0000
    504.5000      0.0000
    505.5000      0.0000
    506.5000      0.0000
    507.5000      0.0000
    508.5000      0.0000
    509.5000      0.0000
    510.5000      0.0000
    511.5000      0.0000
    512.5000      0.0000
    513.5000      0.0000
    514.5000      0.0000
    515.5000      0.0000
    516.5000      0.0000
    517.5000      0.0000
    518.5000      0.0000
    519.5000      0.0000
    520.5000      0.0000
    521.5000      0.0000
    522.5000      0.0000
    523.5000      0.0000
    524.5000      0.0000
    525.5000      0.0000
    526.5000      0.0000
    527.5000      0.0000
    528.5000      0.0000
    529.5000      0.0000
    530.5000      0.0000
    531.5000      0.0000
    532.5000      0.0000
    533.5000      0.0000
    534.5000      0.0000
    535.5000      0.0000
    536.5000      0.0000
    537.5000      0.0000
    538.5000      0.0000
    539.5000      0.0000
    540.5000      0.0000
    541.5000      0.0000
    542.5000      0.0000
    543.5000      0.0000
    544.5000      0.0000
    545.5000      0.0000
    546.5000      0.0000
    547.5000      0.0000
    548.5000      0.0000
    549.5000      0.0000
    550.5000      0.0000
    551.5000      0.0000
    552.5000      0.0000
    553.5000      0.0000
    554.5000      0.0000
    555.5000      0.0000
    556.5000      0.0000
    557.5000      0.0000
    558.5000      0.0000
    559.5000      0.0000
    560.5000      0.0000
    561.5000      0.0000
    562.5000      0.0000
    563.5000      0.0000
    564.5000      0.0000
    565.5000      0.0000
    566.5000      0.0000
    567.5000      0.0000
    568.5000      0.0000
    569.5000      0.0000
    570.5000      0.0000
    571.5000      0.0000
    572.5000      0.0000
    573.5000      0.0000
    574.5000      0.0000
    575.5000      0.0000
    576.5000      0.0000
    577.5000      0.0000
    578.5000      0.0000
    579.5000      0.0000
    580.5000      0.0000
    581.5000      0.0000
    582.5000      0.0000
    583.5000      0.0000
    584.5000      0.0000
    585.5000      0.0000
    586.5000      0.0000
    587.5000      0.0000
    588.5000      0.0000
    589.5000      0.0000
    590.5000      0.0000
    591.5000      0.0000
    592.5000      0.0000
    593.5000      0.0000
    594.5000      0.0000
    595.5000      0.0000
    596.5000      0.0000
    597.5000      0.0000
    598.5000      0.0000
    599.5000      0.0000
    600.5000      0.0000
    601.5000      0.0000
    602.5000      0.0000
    603.5000      0.0000
    604.5000      0.0000
    605.5000      0.0000
    606.5000      0.0000
    607.5000      0.0000
    608.5000      0.0000
    609.5000      0.0000
    610.5000      0.0000
    611.5000      0.0000
    612.5000      0.0000
    613.5000      0.0000
    614.5000      0.0000
    615.5000      0.0000
    616.5000      0.0000
    617.5000      0.0000
    618.5000      0.0000
    619.5000      0.0000
    620.5000      0.0000
    621.5000      0.0000
    622.5000      0.0000
    623.5000      0.0000
    624.5000      0.0000
    625.5000      0.0000
    626.5000      0.0000
    627.5000      0.0000
    628.5000      0.0000
    629.5000      0.0000
    630.5000      0.0000
    631.5000      0.0000
    632.5000      0.0000
    633.5000      0.0000
    634.5000      0.0000
    635.5000      0.0000
    636.5000      0.0000
    637.5000      0.0000
    638.5000      0.0000
    639.5000      0.0000
    640.5000      0.0000
    641.5000      0.0000
    642.5000      0.0000
    643.5000      0.0000
    644.5000      0.0000
    645.5000      0.0000
    646.5000      0.0000
    647.5000      0.0000
    648.5000      0.0000
    649.5000      0.0000
    650.5000      0.0000
    651.5000      0.0000
    652.5000      0.0000
    653.5000      0.0000
    654.5000      0.0000
    655.5000      0.0000
    656.5000      0.0000
    657.5000      0.0000
    658.5000      0.0000
    659.5000      0.0000
    660.5000      0.0000
    661.5000      0.0000
    662.5000      0.0000
    663.5000      0.0000
    664.5000      0.0000
    665.5000      0.0000
    666.5000      0.0000
    667.5000      0.0000
    668.5000      0.0000
    669.5000      0.0000
    670.5000      0.0000
    671.5000      0.0000
    672.5000      0.0000
    673.5000      0.0000
    674.5000      0.0000
    675.5000      0.0000
    676.5000      0.0000
    677.5000      0.0000
    678.5000      0.0000
    679.5000      0.0000
    680.5000      0.0000
    681.5000      0.0000
    682.5000      0.0000
    683.5000      0.0000
    684.5000      0.0000
    685.5000      0.0000
    686.5000      0.0000
    687.5000      0.0000
    688.5000      0.0000
    689.5000      0.0000
    690.5000      0.0000
    691.5000      0.0000
    692.5000      0.0000
    693.5000      0.0000
    694.5000      0.0000
    695.5000      0.0000
    696.5000      0.0000
    697.5000      0.0000
    698.5000      0.0000
    699.5000      0.0000
    700.5000      0.0000
    701.5000      0.0000
    702.5000      0.0000
    703.5000      0.0000
    704.5000      0.0000
    705.5000      0.0000
    706.5000      0.0000
    707.5000      0.0000
    708.5000      0.0000
    709.5000      0.0000
    710.5000      0.0000
    711.5000      0.0000
    712.5000      0.0000
    713.5000      0.0000
    714.5000      0.0000
    715.5000      0.0000
    716.5000      0.0000
    717.5000      0.0000
    718.5000      0.0000
    719.5000      0.0000
    720.5000      0.0000
    721.5000      0.0000
    722.5000      0.0000
    723.5000      0.0000
    724.5000      0.0000
    725.5000      0.0000
    726.5000      0.0000
    727.5000      0.0000
    728.5000      0.0000
    729.5000      0.0000
    730.5000      0.0000
    731.5000      0.0000
    732.5000      0.0000
    733.5000      0.0000
    734.5000      0.0000
    735.5000      0.0000
    736.5000      0.0000
    737.5000      0.0000
    738.5000      0.0000
    739.5000      0.0000
    740.5000      0.0000
    741.5000      0.0000
    742.5000      0.0000
    743.5000      0.0000
    744.5000      0.0000
    745.5000      0.0000
    746.5000      0.0000
    747.5000      0.0000
    748.5000      0.0000
    749.5000      0.0000
    750.5000      0.0000
    751.5000      0.0000
    752.5000      0.0000
    753.5000      0.0000
    754.5000      0.0000
    755.5000      0.0000
    756.5000      0.0000
    757.5000      0.0000
    758.5000      0.0000
    759.5000      0.0000
    760.5000      0.0000
    761.5000      0.0000
    762.5000      0.0000
    763.5000      0.0000
    764.5000      0.0000
    765.5000      0.0000
    766.5000      0.0000
    767.5000      0.0000
    768.5000      0.0000
    769.5000      0.0000
    770.5000      0.0000
    771.5000      0.0000
    772.5000      0.0000
    773.5000      0.0000
    774.5000      0.0000
    775.5000      0.0000
    776.5000      0.0000
    777.5000      0.0000
    778.5000      0.0000
    779.5000      0.0000
    780.5000      0.0000
    781.5000      0.0000
    782.5000      0.0000
    783.5000      0.0000
    784.5000      0.0000
    785.5000      0.0000
    786.5000      0.0000
    787.5000      0.0000
    788.5000      0.0000
    789.5000      0.0000
    790.5000      0.0000
    791.5000      0.0000
    792.5000      0.0000
    793.5000      0.0000
    794.5000      0.0000
    795.5000      0.0000
    796.5000      0.0000
    797.5000      0.0000
    798.5000      0.0000
    799.5000      0.0000
    800.5000      0.0000
    801.5000      0.0000
    802.5000      0.0000
    803.5000      0.0000
    804.5000      0.0000
    805.5000      0.0000
    806.5000      0.0000
    807.5000      0.0000
    808.5000      0.0000
    809.5000      0.0000
    810.5000      0.0000
    811.5000      0.0000
    812.5000      0.0000
    813.5000      0.0000
    814.5000      0.0000
    815.5000      0.0000
    816.5000      0.0000
    817.5000      0.0000
    818.5000      0.0000
    819.5000      0.0000
    820.5000      0.0000
    821.5000      0.0000
    822.5000      0.0000
    823.5000      0.0000
    824.5000      0.0000
    825.5000      0.0000
    826.5000      0.0000
    827.5000      0.0000
    828.5000      0.0000
    829.5000      0.0000
    830.5000      0.0000
    831.5000      0.0000
    832.5000      0.0000
    833.5000      0.0000
    834.5000      0.0000
    835.5000      0.0000
    836.5000      0.0000
    837.5000      0.0000
    838.5000      0.0000
    839.5000      0.0000
    840.5000      0.0000
    841.5000      0.0000
    842.5000      0.0000
    843.5000      0.0000
    844.5000      0.0000
    845.5000      0.0000
    846.5000      0.0000
    847.5000      0.0000
    848.5000      0.0000
    849.5000      0.0000
    850.5000      0.0000
    851.5000      0.0000
    852.5000      0.0000
    853.5000      0.0000
    854.5000      0.0000
    855.5000      0.0000
    856.5000      0.0000
    857.5000      0.0000
    858.5000      0.0000
    859.5000      0.0000
    860.5000      0.0000
    861.5000      0.0000
    862.5000      0.0000
    863.5000      0.0000
    864.5000      0.0000
    865.5000      0.0000
    866.5000      0.0000
    867.5000      0.0000
    868.5000      0.0000
    869.5000      0.0000
    870.5000      0.0000
    871.5000      0.0000
    872.5000      0.0000
    873.5000      0.0000
    874.5000      0.0000
    875.5000      0.0000
    876.5000      0.0000
    877.5000      0.0000
    878.5000      0.0000
    879.5000      0.0000
    880.5000      0.0000
    881.5000      0.0000
    882.5000      0.0000
    883.5000      0.0000
    884.5000      0.0000
    885.5000      0.0000
    886.5000      0.0000
    887.5000      0.0000
    888.5000      0.0000
    889.5000      0.0000
    890.5000      0.0000
    891.5000      0.0000
    892.5000      0.0000
    893.5000      0.0000
    894.5000      0.0000
    895.5000      0.0000
    896.5000      0.0000
    897.5000      0.0000
    898.5000      0.0000
    899.5000      0.0000
    900.5000      0.0000
    901.5000      0.0000
    902.5000      0.0000
    903.5000      0.0000
    904.5000      0.0000
    905.5000      0.0000
    906.5000      0.0000
    907.5000      0.0000
    908.5000      0.0000
    909.5000      0.0000
    910.5000      0.0000
    911.5000      0.0000
    912.5000      0.0000
    913.5000      0.0000
    914.5000      0.0000
    915.5000      0.0000
    916.5000      0.0000
    917.5000      0.0000
    918.5000      0.0000
    919.5000      0.0000
    920.5000      0.0000
    921.5000      0.0000
    922.5000      0.0000
    923.5000      0.0000
    924.5000      0.0000
    925.5000      0.0000
    926.5000      0.0000
    927.5000      0.0000
    928.5000      0.0000
    929.5000      0.0000
    930.5000      0.0000
    931.5000      0.0000
    932.5000      0.0000
    933.5000      0.0000
    934.5000      0.0000
    935.5000      0.0000
    936.5000      0.0000
    937.5000      0.0000
    938.5000      0.0000
    939.5000      0.0000
    940.5000      0.0000
    941.5000      0.0000
    942.5000      0.0000
    943.5000      0.0000
    944.5000      0.0000
    945.5000      0.0000
    946.5000      0.0000
    947.5000      0.0000
    948.5000      0.0000
    949.5000      0.0000
    950.5000      0.0000
    951.5000      0.0000
    952.5000      0.0000
    953.5000      0.0000
    954.5000      0.0000
    955.5000      0.0000
    956.5000      0.0000
    957.5000      0.0000
    958.5000      0.0000
    959.5000      0.0000
    960.5000      0.0000
    961.5000      0.0000
    962.5000      0.0000
    963.5000      0.0000
    964.5000      0.0000
    965.5000      0.0000
    966.5000      0.0000
    967.5000      0.0000
    968.5000      0.0000
    969.5000      0.0000
    970.5000      0.0000
    971.5000      0.0000
    972.5000      0.0000
    973.5000      0.0000
    974.5000      0.0000
    975.5000      0.0000
    976.5000      0.0000
    977.5000      0.0000
    978.5000      0.0000
    979.5000      0.0000
    980.5000      0.0000
    981.5000      0.0000
    982.5000      0.0000
    983.5000      0.0000
    984.5000      0.0000
    985.5000      0.0000
    986.5000      0.0000
    987.5000      0.0000
    988.5000      0.0000
    989.5000      0.0000
    990.5000      0.0000
    991.5000      0.0000
    992.5000      0.0000
    993.5000      0.0000
    994.5000      0.0000
    995.5000      0.0000
    996.5000      0.0000
    997.5000      0.0000
    998.5000      0.0000
    999.5000      0.0000
   1000.5000      0.0000
   1001.5000      0.0000
   1002.5000      0.0000
   1003.5000      0.0000
   1004.5000      0.0000
   1005.5000      0.0000
   1006.5000      0.0000
   1007.5000      0.0000
   1008.5000      0.0000
   1009.5000      0.0000
   1010.5000      0.0000
   1011.5000      0.0000
   1012.5000      0.0000
   1013.5000      0.0000
   1014.5000      0.0000
   1015.5000      0.0000
   1016.5000      0.0000
   1017.5000      0.0000
   1018.5000      0.0000
   1019.5000      0.0000
   1020.5000      0.0000
   1021.5000      0.0000
   1022.5000      0.0000
   1023.5000      0.0000
   1024.5000      0.0000
   1025.5000      0.0000
   1026.5000      0.0000
   1027.5000      0.0000
   1028.5000      0.0000
   1029.5000      0.0000
   1030.5000      0.0000
   1031.5000      0.0000
   1032.5000      0.0000
   1033.5000      0.0000
   1034.5000      0.0000
   1035.5000      0.0000
   1036.5000      0.0000
   1037.5000      0.0000
   1038.5000      0.0000
   1039.5000      0.0000
   1040.5000      0.0000
   1041.5000      0.0000
   1042.5000      0.0000
   1043.5000      0.0000
   1044.5000      0.0000
   1045.5000      0.0000
   1046.5000      0.0000
   1047.5000      0.0000
   1048.5000      0.0000
   1049.5000      0.0000
   1050.5000      0.0000
   1051.5000      0.0000
   1052.5000      0.0000
   1053.5000      0.0000
   1054.5000      0.0000
   1055.5000      0.0000
   1056.5000      0.0000
   1057.5000      0.0000
   1058.5000      0.0000
   1059.5000      0.0000
   1060.5000      0.0000
   1061.5000      0.0000
   1062.5000      0.0000
   1063.5000      0.0000
   1064.5000      0.0000
   1065.5000      0.0000
   1066.5000      0.0000
   1067.5000      0.0000
   1068.5000      0.0000
   1069.5000      0.0000
   1070.5000      0.0000
   1071.5000      0.0000
   1072.5000      0.0000
   1073.5000      0.0000
   1074.5000      0.0000
   1075.5000      0.0000
   1076.5000      0.0000
   1077.5000      0.0000
   1078.5000      0.0000
   1079.5000      0.0000
   1080.5000      0.0000
   1081.5000      0.0000
   1082.5000      0.0000
   1083.5000      0.0000
   1084.5000      0.0000
   1085.5000      0.0000
   1086.5000      0.0000
   1087.5000      0.0000
   1088.5000      0.0000
   1089.5000      0.0000
   1090.5000      0.0000
   1091.5000      0.0000
   1092.5000      0.0000
   1093.5000      0.0000
   1094.5000      0.0000
   1095.5000      0.0000
   1096.5000      0.0000
   1097.5000      0.0000
   1098.5000      0.0000
   1099.5000      0.0000
   1100.5000      0.0000
   1101.5000      0.0000
   1102.5000      0.0000
   1103.5000      0.0000
   1104.5000      0.0000
   1105.5000      0.0000
   1106.5000      0.0000
   1107.5000      0.0000
   1108.5000      0.0000
   1109.5000      0.0000
   1110.5000      0.0000
   1111.5000      0.0000
   1112.5000      0.0000
   1113.5000      0.0000
   1114.5000      0.0000
   1115.5000      0.0000
   1116.5000      0.0000
   1117.5000      0.0000
   1118.5000      0.0000
   1119.5000      0.0000
   1120.5000      0.0000
   1121.5000      0.0000
   1122.5000      0.0000
   1123.5000      0.0000
   1124.5000      0.0000
   1125.5000      0.0000
   1126.5000      0.0000
   1127.5000      0.0000
   1128.5000      0.0000
   1129.5000      0.0000
   1130.5000      0.0000
   1131.5000      0.0000
   1132.5000      0.0000
   1133.5000      0.0000
   1134.5000      0.0000
   1135.5000      0.0000
   1136.5000      0.0000
   1137.5000      0.0000
   1138.5000      0.0000
   1139.5000      0.0000
   1140.5000      0.0000
   1141.5000      0.0000
   1142.5000      0.0000
   1143.5000      0.0000
   1144.5000      0.0000
   1145.5000      0.0000
   1146.5000      0.0000
   1147.5000      0.0000
   1148.5000      0.0000
   1149.5000      0.0000
   1150.5000      0.0000
   1151.5000      0.0000
   1152.5000      0.0000
   1153.5000      0.0000
   1154.5000      0.0000
   1155.5000      0.0000
   1156.5000      0.0000
   1157.5000      0.0000
   1158.5000      0.0000
   1159.5000      0.0000
   1160.5000      0.0000
   1161.5000      0.0000
   1162.5000      0.0000
   1163.5000      0.0000
   1164.5000      0.0000
   1165.5000      0.0000
   1166.5000      0.0000
   1167.5000      0.0000
   1168.5000      0.0000
   1169.5000      0.0000
   1170.5000      0.0000
   1171.5000      0.0000
   1172.5000      0.0000
   1173.5000      0.0000
   1174.5000      0.0000
   1175.5000      0.0000
   1176.5000      0.0000
   1177.5000      0.0000
   1178.5000      0.0000
   1179.5000      0.0000
   1180.5000      0.0000
   1181.5000      0.0000
   1182.5000      0.0000
   1183.5000      0.0000
   1184.5000      0.0000
   1185.5000      0.0000
   1186.5000      0.0000
   1187.5000      0.0000
   1188.5000      0.0000
   1189.5000      0.0000
   1190.5000      0.0000
   1191.5000      0.0000
   1192.5000      0.0000
   1193.5000      0.0000
   1194.5000      0.0000
   1195.5000      0.0000
   1196.5000      0.0000
   1197.5000      0.0000
   1198.5000      0.0000
   1199.5000      0.0000
   1200.5000      0.0000
   1201.5000      0.0000
   1202.5000      0.0000
   1203.5000      0.0000
   1204.5000      0.0000
   1205.5000      0.0000
   1206.5000      0.0000
   1207.5000      0.0000
   1208.5000      0.0000
   1209.5000      0.0000
   1210.5000      0.0000
   1211.5000      0.0000
   1212.5000      0.0000
   1213.5000      0.0000
   1214.5000      0.0000
   1215.5000      0.0000
   1216.5000      0.0000
   1217.5000      0.0000
   1218.5000      0.0000
   1219.5000      0.0000
   1220.5000      0.0000
   1221.5000      0.0000
   1222.5000      0.0000
   1223.5000      0.0000
   1224.5000      0.0000
   1225.5000      0.0000
   1226.5000      0.0000
   1227.5000      0.0000
   1228.5000      0.0000
   1229.5000      0.0000
   1230.5000      0.0000
   1231.5000      0.0000
   1232.5000      0.0000
   1233.5000      0.0000
   1234.5000      0.0000
   1235.5000      0.0000
   1236.5000      0.0000
   1237.5000      0.0000
   1238.5000      0.0000
   1239.5000      0.0000
   1240.5000      0.0000
   1241.5000      0.0000
   1242.5000      0.0000
   1243.5000      0.0000
   1244.5000      0.0000
   1245.5000      0.0000
   1246.5000      0.0000
   1247.5000      0.0000
   1248.5000      0.0000
   1249.5000      0.0000
   1250.5000      0.0000
   1251.5000      0.0000
   1252.5000      0.0000
   1253.5000      0.0000
   1254.5000      0.0000
   1255.5000      0.0000
   1256.5000      0.0000
   1257.5000      0.0000
   1258.5000      0.0000
   1259.5000      0.0000
   1260.5000      0.0000
   1261.5000      0.0000
   1262.5000      0.0000
   1263.5000      0.0000
   1264.5000      0.0000
   1265.5000      0.0000
   1266.5000      0.0000
   1267.5000      0.0000
   1268.5000      0.0000
   1269.5000      0.0000
   1270.5000      0.0000
   1271.5000      0.0000
   1272.5000      0.0000
   1273.5000      0.0000
   1274.5000      0.0000
   1275.5000      0.0000
   1276.5000      0.0000
   1277.5000      0.0000
   1278.5000      0.0000
   1279.5000      0.0000
   1280.5000      0.0000
   1281.5000      0.0000
   1282.5000      0.0000
   1283.5000      0.0000
   1284.5000      0.0000
   1285.5000      0.0000
   1286.5000      0.0000
   1287.5000      0.0000
   1288.5000      0.0000
   1289.5000      0.0000
   1290.5000      0.0000
   1291.5000      0.0000
   1292.5000      0.0000
   1293.5000      0.0000
   1294.5000      0.0000
   1295.5000      0.0000
   1296.5000      0.0000
   1297.5000      0.0000
   1298.5000      0.0000
   1299.5000      0.0000
   1300.5000      0.0000
   1301.5000      0.0000
   1302.5000      0.0000
   1303.5000      0.0000
   1304.5000      0.0000
   1305.5000      0.0000
   1306.5000      0.0000
   1307.5000      0.0000
   1308.5000      0.0000
   1309.5000      0.0000
   1310.5000      0.0000
   1311.5000      0.0000
   1312.5000      0.0000
   1313.5000      0.0000
   1314.5000      0.0000
   1315.5000      0.0000
   1316.5000      0.0000
   1317.5000      0.0000
   1318.5000      0.0000
   1319.5000      0.0000
   1320.5000      0.0000
   1321.5000      0.0000
   1322.5000      0.0000
   1323.5000      0.0000
   1324.5000      0.0000
   1325.5000      0.0000
   1326.5000      0.0000
   1327.5000      0.0000
   1328.5000      0.0000
   1329.5000      0.0000
   1330.5000      0.0000
   1331.5000      0.0000
   1332.5000      0.0000
   1333.5000      0.0000
   1334.5000      0.0000
   1335.5000      0.0000
   1336.5000      0.0000
   1337.5000      0.0000
   1338.5000      0.0000
   1339.5000      0.0000
   1340.5000      0.0000
   1341.5000      0.0000
   1342.5000      0.0000
   1343.5000      0.0000
   1344.5000      0.0000
   1345.5000      0.0000
   1346.5000      0.0000
   1347.5000      0.0000
   1348.5000      0.0000
   1349.5000      0.0000
   1350.5000      0.0000
   1351.5000      0.0000
   1352.5000      0.0000
   1353.5000      0.0000
   1354.5000      0.0000
   1355.5000      0.0000
   1356.5000      0.0000
   1357.5000      0.0000
   1358.5000      0.0000
   1359.5000      0.0000
   1360.5000      0.0000
   1361.5000      0.0000
   1362.5000      0.0000
   1363.5000      0.0000
   1364.5000      0.0000
   1365.5000      0.0000
   1366.5000      0.0000
   1367.5000      0.0000
   1368.5000      0.0000
   1369.5000      0.0000
   1370.5000      0.0000
   1371.5000      0.0000
   1372.5000      0.0000
   1373.5000      0.0000
   1374.5000      0.0000
   1375.5000      0.0000
   1376.5000      0.0000
   1377.5000      0.0000
   1378.5000      0.0000
   1379.5000      0.0000
   1380.5000      0.0000
   1381.5000      0.0000
   1382.5000      0.0000
   1383.5000      0.0000
   1384.5000      0.0000
   1385.5000      0.0000
   1386.5000      0.0000
   1387.5000      0.0000
   1388.5000      0.0000
   1389.5000      0.0000
   1390.5000      0.0000
   1391.5000      0.0000
   1392.5000      0.0000
   1393.5000      0.0000
   1394.5000      0.0000
   1395.5000      0.0000
   1396.5000      0.0000
   1397.5000      0.0000
   1398.5000      0.0000
   1399.5000      0.0000
   1400.5000      0.0000
   1401.5000      0.0000
   1402.5000      0.0000
   1403.5000      0.0000
   1404.5000      0.0000
   1405.5000      0.0000
   1406.5000      0.0000
   1407.5000      0.0000
   1408.5000      0.0000
   1409.5000      0.0000
   1410.5000      0.0000
   1411.5000      0.0000
   1412.5000      0.0000
   1413.5000      0.0000
   1414.5000      0.0000
   1415.5000      0.0000
   1416.5000      0.0000
   1417.5000      0.0000
   1418.5000      0.0000
   1419.5000      0.0000
   1420.5000      0.0000
   1421.5000      0.0000
   1422.5000      0.0000
   1423.5000      0.0000
   1424.5000      0.0000
   1425.5000      0.0000
   1426.5000      0.0000
   1427.5000      0.0000
   1428.5000      0.0000
   1429.5000      0.0000
   1430.5000      0.0000
   1431.5000      0.0000
   1432.5000      0.0000
   1433.5000      0.0000
   1434.5000      0.0000
   1435.5000      0.0000
   1436.5000      0.0000
   1437.5000      0.0000
   1438.5000      0.0000
   1439.5000      0.0000
   1440.5000      0.0000
   1441.5000      0.0000
   1442.5000      0.0000
   1443.5000      0.0000
   1444.5000      0.0000
   1445.5000      0.0000
   1446.5000      0.0000
   1447.5000      0.0000
   1448.5000      0.0000
   1449.5000      0.0000
   1450.5000      0.0000
   1451.5000      0.0000
   1452.5000      0.0000
   1453.5000      0.0000
   1454.5000      0.0000
   1455.5000      0.0000
   1456.5000      0.0000
   1457.5000      0.0000
   1458.5000      0.0000
   1459.5000      0.0000
   1460.5000      0.0000
   1461.5000      0.0000
   1462.5000      0.0000
   1463.5000      0.0000
   1464.5000      0.0000
   1465.5000      0.0000
   1466.5000      0.0000
   1467.5000      0.0000
   1468.5000      0.0000
   1469.5000      0.0000
   1470.5000      0.0000
   1471.5000      0.0000
   1472.5000      0.0000
   1473.5000      0.0000
   1474.5000      0.0000
   1475.5000      0.0000
   1476.5000      0.0000
   1477.5000      0.0000
   1478.5000      0.0000
   1479.5000      0.0000
   1480.5000      0.0000
   1481.5000      0.0000
   1482.5000      0.0000
   1483.5000      0.0000
   1484.5000      0.0000
   1485.5000      0.0000
   1486.5000      0.0000
   1487.5000      0.0000
   1488.5000      0.0000
   1489.5000      0.0000
   1490.5000      0.0000
   1491.5000      0.0000
   1492.5000      0.0000
   1493.5000      0.0000
   1494.5000      0.0000
   1495.5000      0.0000
   1496.5000      0.0000
   1497.5000      0.0000
   1498.5000      0.0000
   1499.5000      0.0000
   1500.5000      0.0000
   1501.5000      0.0000
   1502.5000      0.0000
   1503.5000      0.0000
   1504.5000      0.0000
   1505.5000      0.0000
   1506.5000      0.0000
   1507.5000      0.0000
   1508.5000      0.0000
   1509.5000      0.0000
   1510.5000      0.0000
   1511.5000      0.0000
   1512.5000      0.0000
   1513.5000      0.0000
   1514.5000      0.0000
   1515.5000      0.0000
   1516.5000      0.0000
   1517.5000      0.0000
   1518.5000      0.0000
   1519.5000      0.0000
   1520.5000      0.0000
   1521.5000      0.0000
   1522.5000      0.0000
   1523.5000      0.0000
   1524.5000      0.0000
   1525.5000      0.0000
   1526.5000      0.0000
   1527.5000      0.0000
   1528.5000      0.0000
   1529.5000      0.0000
   1530.5000      0.0000
   1531.5000      0.0000
   1532.5000      0.0000
   1533.5000      0.0000
   1534.5000      0.0000
   1535.5000      0.0000
   1536.5000      0.0000
   1537.5000      0.0000
   1538.5000      0.0000
   1539.5000      0.0000
   1540.5000      0.0000
   1541.5000      0.0000
   1542.5000      0.0000
   1543.5000      0.0000
   1544.5000      0.0000
   1545.5000      0.0000
   1546.5000      0.0000
   1547.5000      0.0000
   1548.5000      0.0000
   1549.5000      0.0000
   1550.5000      0.0000
   1551.5000      0.0000
   1552.5000      0.0000
   1553.5000      0.0000
   1554.5000      0.0000
   1555.5000      0.0000
   1556.5000      0.0000
   1557.5000      0.0000
   1558.5000      0.0000
   1559.5000      0.0000
   1560.5000      0.0000
   1561.5000      0.0000
   1562.5000      0.0000
   1563.5000      0.0000
   1564.5000      0.0000
   1565.5000      0.0000
   1566.5000      0.0000
   1567.5000      0.0000
   1568.5000      0.0000
   1569.5000      0.0000
   1570.5000      0.0000
   1571.5000      0.0000
   1572.5000      0.0000
   1573.5000      0.0000
   1574.5000      0.0000
   1575.5000      0.0000
   1576.5000      0.0000
   1577.5000      0.0000
   1578.5000      0.0000
   1579.5000      0.0000
   1580.5000      0.0000
   1581.5000      0.0000
   1582.5000      0.0000
   1583.5000      0.0000
   1584.5000      0.0000
   1585.5000      0.0000
   1586.5000      0.0000
   1587.5000      0.0000
   1588.5000      0.0000
   1589.5000      0.0000
   1590.5000      0.0000
   1591.5000      0.0000
   1592.5000      0.0000
   1593.5000      0.0000
   1594.5000      0.0000
   1595.5000      0.0000
   1596.5000      0.0000
   1597.5000      0.0000
   1598.5000      0.0000
   1599.5000      0.0000
   1600.5000      0.0000
   1601.5000      0.0000
   1602.5000      0.0000
   1603.5000      0.0000
   1604.5000      0.0000
   1605.5000      0.0000
   1606.5000      0.0000
   1607.5000      0.0000
   1608.5000      0.0000
   1609.5000      0.0000
   1610.5000      0.0000
   1611.5000      0.0000
   1612.5000      0.0000
   1613.5000      0.0000
   1614.5000      0.0000
   1615.5000      0.0000
   1616.5000      0.0000
   1617.5000      0.0000
   1618.5000      0.0000
   1619.5000      0.0000
   1620.5000      0.0000
   1621.5000      0.0000
   1622.5000      0.0000
   1623.5000      0.0000
   1624.5000      0.0000
   1625.5000      0.0000
   1626.5000      0.0000
   1627.5000      0.0000
   1628.5000      0.0000
   1629.5000      0.0000
   1630.5000      0.0000
   1631.5000      0.0000
   1632.5000      0.0000
   1633.5000      0.0000
   1634.5000      0.0000
   1635.5000      0.0000
   1636.5000      0.0000
   1637.5000      0.0000
   1638.5000      0.0000
   1639.5000      0.0000
   1640.5000      0.0000
   1641.5000      0.0000
   1642.5000      0.0000
   1643.5000      0.0000
   1644.5000      0.0000
   1645.5000      0.0000
   1646.5000      0.0000
   1647.5000      0.0000
   1648.5000      0.0000
   1649.5000      0.0000
   1650.5000      0.0000
   1651.5000      0.0000
   1652.5000      0.0000
   1653.5000      0.0000
   1654.5000      0.0000
   1655.5000      0.0000
   1656.5000      0.0000
   1657.5000      0.0000
   1658.5000      0.0000
   1659.5000      0.0000
   1660.5000      0.0000
   1661.5000      0.0000
   1662.5000      0.0000
   1663.5000      0.0000
   1664.5000      0.0000
   1665.5000      0.0000
   1666.5000      0.0000
   1667.5000      0.0000
   1668.5000      0.0000
   1669.5000      0.0000
   1670.5000      0.0000
   1671.5000      0.0000
   1672.5000      0.0000
   1673.5000      0.0000
   1674.5000      0.0000
   1675.5000      0.0000
   1676.5000      0.0000
   1677.5000      0.0000
   1678.5000      0.0000
   1679.5000      0.0000
   1680.5000      0.0000
   1681.5000      0.0000
   1682.5000      0.0000
   1683.5000      0.0000
   1684.5000      0.0000
   1685.5000      0.0000
   1686.5000      0.0000
   1687.5000      0.0000
   1688.5000      0.0000
   1689.5000      0.0000
   1690.5000      0.0000
   1691.5000      0.0000
   1692.5000      0.0000
   1693.5000      0.0000
   1694.5000      0.0000
   1695.5000      0.0000
   1696.5000      0.0000
   1697.5000      0.0000
   1698.5000      0.0000
   1699.5000      0.0000
   1700.5000      0.0000
   1701.5000      0.0000
   1702.5000      0.0000
   1703.5000      0.0000
   1704.5000      0.0000
   1705.5000      0.0000
   1706.5000      0.0000
   1707.5000      0.0000
   1708.5000      0.0000
   1709.5000      0.0000
   1710.5000      0.0000
   1711.5000      0.0000
   1712.5000      0.0000
   1713.5000      0.0000
   1714.5000      0.0000
   1715.5000      0.0000
   1716.5000      0.0000
   1717.5000      0.0000
   1718.5000      0.0000
   1719.5000      0.0000
   1720.5000      0.0000
   1721.5000      0.0000
   1722.5000      0.0000
   1723.5000      0.0000
   1724.5000      0.0000
   1725.5000      0.0000
   1726.5000      0.0000
   1727.5000      0.0000
   1728.5000      0.0000
   1729.5000      0.0000
   1730.5000      0.0000
   1731.5000      0.0000
   1732.5000      0.0000
   1733.5000      0.0000
   1734.5000      0.0000
   1735.5000      0.0000
   1736.5000      0.0000
   1737.5000      0.0000
   1738.5000      0.0000
   1739.5000      0.0000
   1740.5000      0.0000
   1741.5000      0.0000
   1742.5000      0.0000
   1743.5000      0.0000
   1744.5000      0.0000
   1745.5000      0.0000
   1746.5000      0.0000
   1747.5000      0.0000
   1748.5000      0.0000
   1749.5000      0.0000
   1750.5000      0.0000
   1751.5000      0.0000
   1752.5000      0.0000
   1753.5000      0.0000
   1754.5000      0.0000
   1755.5000      0.0000
   1756.5000      0.0000
   1757.5000      0.0000
   1758.5000      0.0000
   1759.5000      0.0000
   1760.5000      0.0000
   1761.5000      0.0000
   1762.5000      0.0000
   1763.5000      0.0000
   1764.5000      0.0000
   1765.5000      0.0000
   1766.5000      0.0000
   1767.5000      0.0000
   1768.5000      0.0000
   1769.5000      0.0000
   1770.5000      0.0000
   1771.5000      0.0000
   1772.5000      0.0000
   1773.5000      0.0000
   1774.5000      0.0000
   1775.5000      0.0000
   1776.5000      0.0000
   1777.5000      0.0000
   1778.5000      0.0000
   1779.5000      0.0000
   1780.5000      0.0000
   1781.5000      0.0000
   1782.5000      0.0000
   1783.5000      0.0000
   1784.5000      0.0000
   1785.5000      0.0000
   1786.5000      0.0000
   1787.5000      0.0000
   1788.5000      0.0000
   1789.5000      0.0000
   1790.5000      0.0000
   1791.5000      0.0000
   1792.5000      0.0000
   1793.5000      0.0000
   1794.5000      0.0000
   1795.5000      0.0000
   1796.5000      0.0000
   1797.5000      0.0000
   1798.5000      0.0000
   1799.5000      0.0000
   1800.5000      0.0000
   1801.5000      0.0000
   1802.5000      0.0000
   1803.5000      0.0000
   1804.5000      0.0000
   1805.5000      0.0000
   1806.5000      0.0000
   1807.5000      0.0000
   1808.5000      0.0000
   1809.5000      0.0000
   1810.5000      0.0000
   1811.5000      0.0000
   1812.5000      0.0000
   1813.5000      0.0000
   1814.5000      0.0000
   1815.5000      0.0000
   1816.5000      0.0000
   1817.5000      0.0000
   1818.5000      0.0000
   1819.5000      0.0000
   1820.5000      0.0000
   1821.5000      0.0000
   1822.5000      0.0000
   1823.5000      0.0000
   1824.5000      0.0000
   1825.5000      0.0000
   1826.5000      0.0000
   1827.5000      0.0000
   1828.5000      0.0000
   1829.5000      0.0000
   1830.5000      0.0000
   1831.5000      0.0000
   1832.5000      0.0000
   1833.5000      0.0000
   1834.5000      0.0000
   1835.5000      0.0000
   1836.5000      0.0000
   1837.5000      0.0000
   1838.5000      0.0000
   1839.5000      0.0000
   1840.5000      0.0000
   1841.5000      0.0000
   1842.5000      0.0000
   1843.5000      0.0000
   1844.5000      0.0000
   1845.5000      0.0000
   1846.5000      0.0000
   1847.5000      0.0000
   1848.5000      0.0000
   1849.5000      0.0000
   1850.5000      0.0000
   1851.5000      0.0000
   1852.5000      0.0000
   1853.5000      0.0000
   1854.5000      0.0000
   1855.5000      0.0000
   1856.5000      0.0000
   1857.5000      0.0000
   1858.5000      0.0000
   1859.5000      0.0000
   1860.5000      0.0000
   1861.5000      0.0000
   1862.5000      0.0000
   1863.5000      0.0000
   1864.5000      0.0000
   1865.5000      0.0000
   1866.5000      0.0000
   1867.5000      0.0000
   1868.5000      0.0000
   1869.5000      0.0000
   1870.5000      0.0000
   1871.5000      0.0000
   1872.5000      0.0000
   1873.5000      0.0000
   1874.5000      0.0000
   1875.5000      0.0000
   1876.5000      0.0000
   1877.5000      0.0000
   1878.5000      0.0000
   1879.5000      0.0000
   1880.5000      0.0000
   1881.5000      0.0000
   1882.5000      0.0000
   1883.5000      0.0000
   1884.5000      0.0000
   1885.5000      0.0000
   1886.5000      0.0000
   1887.5000      0.0000
   1888.5000      0.0000
   1889.5000      0.0000
   1890.5000      0.0000
   1891.5000      0.0000
   1892.5000      0.0000
   1893.5000      0.0000
   1894.5000      0.0000
   1895.5000      0.0000
   1896.5000      0.0000
   1897.5000      0.0000
   1898.5000      0.0000
   1899.5000      0.0000
   1900.5000      0.0000
   1901.5000      0.0000
   1902.5000      0.0000
   1903.5000      0.0000
   1904.5000      0.0000
   1905.5000      0.0000
   1906.5000      0.0000
   1907.5000      0.0000
   1908.5000      0.0000
   1909.5000      0.0000
   1910.5000      0.0000
   1911.5000      0.0000
   1912.5000      0.0000
   1913.5000      0.0000
   1914.5000      0.0000
   1915.5000      0.0000
   1916.5000      0.0000
   1917.5000      0.0000
   1918.5000      0.0000
   1919.5000      0.0000
   1920.5000      0.0000
   1921.5000      0.0000
   1922.5000      0.0000
   1923.5000      0.0000
   1924.5000      0.0000
   1925.5000      0.0000
   1926.5000      0.0000
   1927.5000      0.0000
   1928.5000      0.0000
   1929.5000      0.0000
   1930.5000      0.0000
   1931.5000      0.0000
   1932.5000      0.0000
   1933.5000      0.0000
   1934.5000      0.0000
   1935.5000      0.0000
   1936.5000      0.0000
   1937.5000      0.0000
   1938.5000      0.0000
   1939.5000      0.0000
   1940.5000      0.0000
   1941.5000      0.0000
   1942.5000      0.0000
   1943.5000      0.0000
   1944.5000      0.0000
   1945.5000      0.0048
   1946.5000      0.0834
   1947.5000      0.3000
   1948.5000      0.5000
   1949.5000      0.7000
   1950.5000      0.8939
   1951.5000      1.1469
   1952.5000      1.5540
   1953.5000      2.1294
   1954.5000      2.8636
   1955.5000      3.7678
   1956.5000      4.9008
   1957.5000      6.2394
   1958.5000      7.5672
   1959.5000      8.7971
   1960.5000     10.2371
   1961.5000     12.1679
   1962.5000     14.6399
   1963.5000     17.7170
   1964.5000     21.4217
   1965.5000     25.7098
   1966.5000     30.5037
   1967.5000     35.8665
   1968.5000     41.9391
   1969.5000     48.9226
   1970.5000     56.9533
   1971.5000     65.8465
   1972.5000     75.6709
   1973.5000     86.8726
   1974.5000     99.5389
   1975.5000    112.3318
   1976.5000    124.7308
   1977.5000    136.7957
   1978.5000    148.0046
   1979.5000    157.6385
   1980.5000    166.0775
   1981.5000    174.7385
   1982.5000    183.2775
   1983.5000    191.1673
   1984.5000    199.9671
   1985.5000    214.0334
   1986.5000    222.3397
   1987.5000    233.3356
   1988.5000    244.8258
   1989.5000    256.5893
   1990.5000    263.0852
   1991.5000    267.7902
   1992.5000    270.7759
   1993.5000    271.1688
   1994.5000    269.6278
   1995.5000    268.1039
   1996.5000    266.7558
   1997.5000    265.2918
   1998.5000    263.8839
   1999.5000    262.5459
   2000.5000    261.1698
   2001.5000    259.5498
   2002.5000    257.6688
   2003.5000    255.4128
   2004.5000    253.1938
   2005.5000    250.9148
   2006.5000    248.6648
   2007.5000    246.4138
   2008.5000    244.4768
   2009.5000    242.4608
   2010.5000    240.4518
   2011.5000    238.2458
   2012.5000    236.2068
   2013.5000    234.3809
   2014.5000    233.0799
   2015.5000    231.4519
   2016.5000    229.5926
   2017.5000    226.3087
   2018.5000    223.6397
   2019.5000    220.9437
   2020.5000    218.2237
   2021.5000    215.4837
   2022.5000    212.7277
   2023.5000    209.9577
   2024.5000    207.1777
   2025.5000    204.3907
   2026.5000    201.5997
   2027.5000    198.8057
   2028.5000    196.0117
   2029.5000    193.2197
   2030.5000    190.4327
   2031.5000    187.6527
   2032.5000    184.8797
   2033.5000    182.1167
   2034.5000    179.3657
   2035.5000    176.6267
   2036.5000    173.9027
   2037.5000    171.1937
   2038.5000    168.5017
   2039.5000    165.8277
   2040.5000    163.1727
   2041.5000    160.5377
   2042.5000    157.9227
   2043.5000    155.3297
   2044.5000    152.7597
   2045.5000    150.2117
   2046.5000    147.6877
   2047.5000    145.1877
   2048.5000    142.7137
   2049.5000    140.2637
   2050.5000    137.8407
   2051.5000    135.4427
   2052.5000    133.0717
   2053.5000    130.7278
   2054.5000    128.4118
   2055.5000    126.1228
   2056.5000    123.8618
   2057.5000    121.6278
   2058.5000    119.4228
   2059.5000    117.2458
   2060.5000    115.0978
   2061.5000    112.9778
   2062.5000    110.8858
   2063.5000    108.8228
   2064.5000    106.7878
   2065.5000    104.7818
   2066.5000    102.8038
   2067.5000    100.8538
   2068.5000     98.9331
   2069.5000     97.0402
   2070.5000     95.1753
   2071.5000     93.3385
   2072.5000     91.5294
   2073.5000     89.7481
   2074.5000     87.9943
   2075.5000     86.2679
   2076.5000     84.5686
   2077.5000     82.8964
   2078.5000     81.2510
   2079.5000     79.6323
   2080.5000     78.0400
   2081.5000     76.4738
   2082.5000     74.9337
   2083.5000     73.4193
   2084.5000     71.9305
   2085.5000     70.4669
   2086.5000     69.0285
   2087.5000     67.6150
   2088.5000     66.2260
   2089.5000     64.8614
   2090.5000     63.5208
   2091.5000     62.2042
   2092.5000     60.9110
   2093.5000     59.6412
   2094.5000     58.3944
   2095.5000     57.1704
   2096.5000     55.9688
   2097.5000     54.7894
   2098.5000     53.6319
   2099.5000     52.4960
   2100.5000     51.3815
   2101.5000     50.3091
   2102.5000     49.2777
   2103.5000     48.2648
   2104.5000     47.2703
   2105.5000     46.2938
   2106.5000     45.3351
   2107.5000     44.3940
   2108.5000     43.4702
   2109.5000     42.5636
   2110.5000     41.6738
   2111.5000     40.8006
   2112.5000     39.9439
   2113.5000     39.1033
   2114.5000     38.2787
   2115.5000     37.4697
   2116.5000     36.6762
   2117.5000     35.8980
   2118.5000     35.1347
   2119.5000     34.3862
   2120.5000     33.6522
   2121.5000     32.9325
   2122.5000     32.2269
   2123.5000     31.5351
   2124.5000     30.8570
   2125.5000     30.1923
   2126.5000     29.5407
   2127.5000     28.9022
   2128.5000     28.2763
   2129.5000     27.6631
   2130.5000     27.0621
   2131.5000     26.4732
   2132.5000     25.8963
   2133.5000     25.3311
   2134.5000     24.7774
   2135.5000     24.2350
   2136.5000     23.7036
   2137.5000     23.1832
   2138.5000     22.6734
   2139.5000     22.1742
   2140.5000     21.6853
   2141.5000     21.2066
   2142.5000     20.7378
   2143.5000     20.2788
   2144.5000     19.8293
   2145.5000     19.3892
   2146.5000     18.9583
   2147.5000     18.5365
   2148.5000     18.1236
   2149.5000     17.7194
   2150.5000     17.3238
   2151.5000     16.9366
   2152.5000     16.5576
   2153.5000     16.1866
   2154.5000     15.8236
   2155.5000     15.4683
   2156.5000     15.1206
   2157.5000     14.7804
   2158.5000     14.4475
   2159.5000     14.1218
   2160.5000     13.8031
   2161.5000     13.4913
   2162.5000     13.1863
   2163.5000     12.8879
   2164.5000     12.5959
   2165.5000     12.3103
   2166.5000     12.0310
   2167.5000     11.7577
   2168.5000     11.4904
   2169.5000     11.2290
   2170.5000     10.9733
   2171.5000     10.7232
   2172.5000     10.4786
   2173.5000     10.2394
   2174.5000     10.0055
   2175.5000      9.7767
   2176.5000      9.5530
   2177.5000      9.3343
   2178.5000      9.1204
   2179.5000      8.9113
   2180.5000      8.7068
   2181.5000      8.5069
   2182.5000      8.3114
   2183.5000      8.1203
   2184.5000      7.9335
   2185.5000      7.7508
   2186.5000      7.5723
   2187.5000      7.3977
   2188.5000      7.2271
   2189.5000      7.0603
   2190.5000      6.8972
   2191.5000      6.7379
   2192.5000      6.5821
   2193.5000      6.4298
   2194.5000      6.2810
   2195.5000      6.1356
   2196.5000      5.9934
   2197.5000      5.8545
   2198.5000      5.7187
   2199.5000      5.5860
   2200.5000      5.4564
   2201.5000      5.3296
   2202.5000      5.2058
   2203.5000      5.0848
   2204.5000      4.9665
   2205.5000      4.8509
   2206.5000      4.7380
   2207.5000      4.6276
   2208.5000      4.5198
   2209.5000      4.4145
   2210.5000      4.3116
   2211.5000      4.2110
   2212.5000      4.1127
   2213.5000      4.0167
   2214.5000      3.9229
   2215.5000      3.8313
   2216.5000      3.7417
   2217.5000      3.6543
   2218.5000      3.5688
   2219.5000      3.4853
   2220.5000      3.4038
   2221.5000      3.3241
   2222.5000      3.2462
   2223.5000      3.1702
   2224.5000      3.0959
   2225.5000      3.0234
   2226.5000      2.9525
   2227.5000      2.8833
   2228.5000      2.8157
   2229.5000      2.7497
   2230.5000      2.6852
   2231.5000      2.6222
   2232.5000      2.5606
   2233.5000      2.5005
   2234.5000      2.4418
   2235.5000      2.3844
   2236.5000      2.3284
   2237.5000      2.2737
   2238.5000      2.2202
   2239.5000      2.1680
   2240.5000      2.1170
   2241.5000      2.0673
   2242.5000      2.0186
   2243.5000      1.9711
   2244.5000      1.9247
   2245.5000      1.8795
   2246.5000      1.8352
   2247.5000      1.7920
   2248.5000      1.7499
   2249.5000      1.7087
   2250.5000      1.6684
   2251.5000      1.6291
   2252.5000      1.5908
   2253.5000      1.5533
   2254.5000      1.5167
   2255.5000      1.4810
   2256.5000      1.4461
   2257.5000      1.4121
   2258.5000      1.3788
   2259.5000      1.3463
   2260.5000      1.3145
   2261.5000      1.2836
   2262.5000      1.2533
   2263.5000      1.2238
   2264.5000      1.1949
   2265.5000      1.1668
   2266.5000      1.1392
   2267.5000      1.1124
   2268.5000      1.0862
   2269.5000      1.0605
   2270.5000      1.0355
   2271.5000      1.0111
   2272.5000      0.9872
   2273.5000      0.9640
   2274.5000      0.9412
   2275.5000      0.9190
   2276.5000      0.8973
   2277.5000      0.8761
   2278.5000      0.8555
   2279.5000      0.8353
   2280.5000      0.8155
   2281.5000      0.7963
   2282.5000      0.7775
   2283.5000      0.7591
   2284.5000      0.7412
   2285.5000      0.7237
   2286.5000      0.7066
   2287.5000      0.6899
   2288.5000      0.6736
   2289.5000      0.6577
   2290.5000      0.6422
   2291.5000      0.6270
   2292.5000      0.6122
   2293.5000      0.5977
   2294.5000      0.5836
   2295.5000      0.5698
   2296.5000      0.5563
   2297.5000      0.5431
   2298.5000      0.5303
   2299.5000      0.5178
   2300.5000      0.5055
   2301.5000      0.4936
   2302.5000      0.4819
   2303.5000      0.4705
   2304.5000      0.4594
   2305.5000      0.4485
   2306.5000      0.4379
   2307.5000      0.4275
   2308.5000      0.4174
   2309.5000      0.4075
   2310.5000      0.3979
   2311.5000      0.3885
   2312.5000      0.3793
   2313.5000      0.3703
   2314.5000      0.3616
   2315.5000      0.3530
   2316.5000      0.3447
   2317.5000      0.3365
   2318.5000      0.3285
   2319.5000      0.3207
   2320.5000      0.3131
   2321.5000      0.3057
   2322.5000      0.2984
   2323.5000      0.2913
   2324.5000      0.2844
   2325.5000      0.2777
   2326.5000      0.2711
   2327.5000      0.2647
   2328.5000      0.2584
   2329.5000      0.2523
   2330.5000      0.2463
   2331.5000      0.2405
   2332.5000      0.2348
   2333.5000      0.2292
   2334.5000      0.2238
   2335.5000      0.2185
   2336.5000      0.2133
   2337.5000      0.2083
   2338.5000      0.2033
   2339.5000      0.1985
   2340.5000      0.1938
   2341.5000      0.1893
   2342.5000      0.1848
   2343.5000      0.1804
   2344.5000      0.1762
   2345.5000      0.1720
   2346.5000      0.1679
   2347.5000      0.1640
   2348.5000      0.1601
   2349.5000      0.1563
   2350.5000      0.1526
   2351.5000      0.1490
   2352.5000      0.1454
   2353.5000      0.1420
   2354.5000      0.1386
   2355.5000      0.1353
   2356.5000      0.1320
   2357.5000      0.1289
   2358.5000      0.1258
   2359.5000      0.1228
   2360.5000      0.1199
   2361.5000      0.1170
   2362.5000      0.1142
   2363.5000      0.1115
   2364.5000      0.1088
   2365.5000      0.1062
   2366.5000      0.1037
   2367.5000      0.1012
   2368.5000      0.0988
   2369.5000      0.0965
   2370.5000      0.0942
   2371.5000      0.0919
   2372.5000      0.0897
   2373.5000      0.0876
   2374.5000      0.0855
   2375.5000      0.0835
   2376.5000      0.0815
   2377.5000      0.0795
   2378.5000      0.0776
   2379.5000      0.0758
   2380.5000      0.0740
   2381.5000      0.0722
   2382.5000      0.0705
   2383.5000      0.0688
   2384.5000      0.0672
   2385.5000      0.0656
   2386.5000      0.0640
   2387.5000      0.0625
   2388.5000      0.0610
   2389.5000      0.0595
   2390.5000      0.0581
   2391.5000      0.0567
   2392.5000      0.0554
   2393.5000      0.0540
   2394.5000      0.0528
   2395.5000      0.0515
   2396.5000      0.0503
   2397.5000      0.0491
   2398.5000      0.0479
   2399.5000      0.0468
   2400.5000      0.0456
   2401.5000      0.0446
   2402.5000      0.0435
   2403.5000      0.0425
   2404.5000      0.0414
   2405.5000      0.0405
   2406.5000      0.0395
   2407.5000      0.0385
   2408.5000      0.0376
   2409.5000      0.0367
   2410.5000      0.0359
   2411.5000      0.0350
   2412.5000      0.0342
   2413.5000      0.0333
   2414.5000      0.0326
   2415.5000      0.0318
   2416.5000      0.0310
   2417.5000      0.0303
   2418.5000      0.0296
   2419.5000      0.0289
   2420.5000      0.0282
   2421.5000      0.0275
   2422.5000      0.0268
   2423.5000      0.0262
   2424.5000      0.0256
   2425.5000      0.0250
   2426.5000      0.0244
   2427.5000      0.0238
   2428.5000      0.0232
   2429.5000      0.0227
   2430.5000      0.0221
   2431.5000      0.0216
   2432.5000      0.0211
   2433.5000      0.0206
   2434.5000      0.0201
   2435.5000      0.0196
   2436.5000      0.0191
   2437.5000      0.0187
   2438.5000      0.0182
   2439.5000      0.0178
   2440.5000      0.0174
   2441.5000      0.0170
   2442.5000      0.0166
   2443.5000      0.0162
   2444.5000      0.0158
   2445.5000      0.0154
   2446.5000      0.0150
   2447.5000      0.0147
   2448.5000      0.0143
   2449.5000      0.0140
   2450.5000      0.0137
   2451.5000      0.0133
   2452.5000      0.0130
   2453.5000      0.0127
   2454.5000      0.0124
   2455.5000      0.0121
   2456.5000      0.0118
   2457.5000      0.0115
   2458.5000      0.0113
   2459.5000      0.0110
   2460.5000      0.0107
   2461.5000      0.0105
   2462.5000      0.0102
   2463.5000      0.0100
   2464.5000      0.0097
   2465.5000      0.0095
   2466.5000      0.0093
   2467.5000      0.0091
   2468.5000      0.0088
   2469.5000      0.0086
   2470.5000      0.0084
   2471.5000      0.0082
   2472.5000      0.0080
   2473.5000      0.0078
   2474.5000      0.0077
   2475.5000      0.0075
   2476.5000      0.0073
   2477.5000      0.0071
   2478.5000      0.0070
   2479.5000      0.0068
   2480.5000      0.0066
   2481.5000      0.0065
   2482.5000      0.0063
   2483.5000      0.0062
   2484.5000      0.0060
   2485.5000      0.0059
   2486.5000      0.0057
   2487.5000      0.0056
   2488.5000      0.0055
   2489.5000      0.0053
   2490.5000      0.0052
   2491.5000      0.0051
   2492.5000      0.0050
   2493.5000      0.0048
   2494.5000      0.0047
   2495.5000      0.0046
   2496.5000      0.0045
   2497.5000      0.0044
   2498.5000      0.0043
   2499.5000      0.0042
   2500.5000      0.0041
