       2500
      1.5000      0.0000
      2.5000      0.0000
      3.5000      0.0000
      4.5000      0.0000
      5.5000      0.0000
      6.5000      0.0000
      7.5000      0.0000
      8.5000      0.0000
      9.5000      0.0000
     10.5000      0.0000
     11.5000      0.0000
     12.5000      0.0000
     13.5000      0.0000
     14.5000      0.0000
     15.5000      0.0000
     16.5000      0.0000
     17.5000      0.0000
     18.5000      0.0000
     19.5000      0.0000
     20.5000      0.0000
     21.5000      0.0000
     22.5000      0.0000
     23.5000      0.0000
     24.5000      0.0000
     25.5000      0.0000
     26.5000      0.0000
     27.5000      0.0000
     28.5000      0.0000
     29.5000      0.0000
     30.5000      0.0000
     31.5000      0.0000
     32.5000      0.0000
     33.5000      0.0000
     34.5000      0.0000
     35.5000      0.0000
     36.5000      0.0000
     37.5000      0.0000
     38.5000      0.0000
     39.5000      0.0000
     40.5000      0.0000
     41.5000      0.0000
     42.5000      0.0000
     43.5000      0.0000
     44.5000      0.0000
     45.5000      0.0000
     46.5000      0.0000
     47.5000      0.0000
     48.5000      0.0000
     49.5000      0.0000
     50.5000      0.0000
     51.5000      0.0000
     52.5000      0.0000
     53.5000      0.0000
     54.5000      0.0000
     55.5000      0.0000
     56.5000      0.0000
     57.5000      0.0000
     58.5000      0.0000
     59.5000      0.0000
     60.5000      0.0000
     61.5000      0.0000
     62.5000      0.0000
     63.5000      0.0000
     64.5000      0.0000
     65.5000      0.0000
     66.5000      0.0000
     67.5000      0.0000
     68.5000      0.0000
     69.5000      0.0000
     70.5000      0.0000
     71.5000      0.0000
     72.5000      0.0000
     73.5000      0.0000
     74.5000      0.0000
     75.5000      0.0000
     76.5000      0.0000
     77.5000      0.0000
     78.5000      0.0000
     79.5000      0.0000
     80.5000      0.0000
     81.5000      0.0000
     82.5000      0.0000
     83.5000      0.0000
     84.5000      0.0000
     85.5000      0.0000
     86.5000      0.0000
     87.5000      0.0000
     88.5000      0.0000
     89.5000      0.0000
     90.5000      0.0000
     91.5000      0.0000
     92.5000      0.0000
     93.5000      0.0000
     94.5000      0.0000
     95.5000      0.0000
     96.5000      0.0000
     97.5000      0.0000
     98.5000      0.0000
     99.5000      0.0000
    100.5000      0.0000
    101.5000      0.0000
    102.5000      0.0000
    103.5000      0.0000
    104.5000      0.0000
    105.5000      0.0000
    106.5000      0.0000
    107.5000      0.0000
    108.5000      0.0000
    109.5000      0.0000
    110.5000      0.0000
    111.5000      0.0000
    112.5000      0.0000
    113.5000      0.0000
    114.5000      0.0000
    115.5000      0.0000
    116.5000      0.0000
    117.5000      0.0000
    118.5000      0.0000
    119.5000      0.0000
    120.5000      0.0000
    121.5000      0.0000
    122.5000      0.0000
    123.5000      0.0000
    124.5000      0.0000
    125.5000      0.0000
    126.5000      0.0000
    127.5000      0.0000
    128.5000      0.0000
    129.5000      0.0000
    130.5000      0.0000
    131.5000      0.0000
    132.5000      0.0000
    133.5000      0.0000
    134.5000      0.0000
    135.5000      0.0000
    136.5000      0.0000
    137.5000      0.0000
    138.5000      0.0000
    139.5000      0.0000
    140.5000      0.0000
    141.5000      0.0000
    142.5000      0.0000
    143.5000      0.0000
    144.5000      0.0000
    145.5000      0.0000
    146.5000      0.0000
    147.5000      0.0000
    148.5000      0.0000
    149.5000      0.0000
    150.5000      0.0000
    151.5000      0.0000
    152.5000      0.0000
    153.5000      0.0000
    154.5000      0.0000
    155.5000      0.0000
    156.5000      0.0000
    157.5000      0.0000
    158.5000      0.0000
    159.5000      0.0000
    160.5000      0.0000
    161.5000      0.0000
    162.5000      0.0000
    163.5000      0.0000
    164.5000      0.0000
    165.5000      0.0000
    166.5000      0.0000
    167.5000      0.0000
    168.5000      0.0000
    169.5000      0.0000
    170.5000      0.0000
    171.5000      0.0000
    172.5000      0.0000
    173.5000      0.0000
    174.5000      0.0000
    175.5000      0.0000
    176.5000      0.0000
    177.5000      0.0000
    178.5000      0.0000
    179.5000      0.0000
    180.5000      0.0000
    181.5000      0.0000
    182.5000      0.0000
    183.5000      0.0000
    184.5000      0.0000
    185.5000      0.0000
    186.5000      0.0000
    187.5000      0.0000
    188.5000      0.0000
    189.5000      0.0000
    190.5000      0.0000
    191.5000      0.0000
    192.5000      0.0000
    193.5000      0.0000
    194.5000      0.0000
    195.5000      0.0000
    196.5000      0.0000
    197.5000      0.0000
    198.5000      0.0000
    199.5000      0.0000
    200.5000      0.0000
    201.5000      0.0000
    202.5000      0.0000
    203.5000      0.0000
    204.5000      0.0000
    205.5000      0.0000
    206.5000      0.0000
    207.5000      0.0000
    208.5000      0.0000
    209.5000      0.0000
    210.5000      0.0000
    211.5000      0.0000
    212.5000      0.0000
    213.5000      0.0000
    214.5000      0.0000
    215.5000      0.0000
    216.5000      0.0000
    217.5000      0.0000
    218.5000      0.0000
    219.5000      0.0000
    220.5000      0.0000
    221.5000      0.0000
    222.5000      0.0000
    223.5000      0.0000
    224.5000      0.0000
    225.5000      0.0000
    226.5000      0.0000
    227.5000      0.0000
    228.5000      0.0000
    229.5000      0.0000
    230.5000      0.0000
    231.5000      0.0000
    232.5000      0.0000
    233.5000      0.0000
    234.5000      0.0000
    235.5000      0.0000
    236.5000      0.0000
    237.5000      0.0000
    238.5000      0.0000
    239.5000      0.0000
    240.5000      0.0000
    241.5000      0.0000
    242.5000      0.0000
    243.5000      0.0000
    244.5000      0.0000
    245.5000      0.0000
    246.5000      0.0000
    247.5000      0.0000
    248.5000      0.0000
    249.5000      0.0000
    250.5000      0.0000
    251.5000      0.0000
    252.5000      0.0000
    253.5000      0.0000
    254.5000      0.0000
    255.5000      0.0000
    256.5000      0.0000
    257.5000      0.0000
    258.5000      0.0000
    259.5000      0.0000
    260.5000      0.0000
    261.5000      0.0000
    262.5000      0.0000
    263.5000      0.0000
    264.5000      0.0000
    265.5000      0.0000
    266.5000      0.0000
    267.5000      0.0000
    268.5000      0.0000
    269.5000      0.0000
    270.5000      0.0000
    271.5000      0.0000
    272.5000      0.0000
    273.5000      0.0000
    274.5000      0.0000
    275.5000      0.0000
    276.5000      0.0000
    277.5000      0.0000
    278.5000      0.0000
    279.5000      0.0000
    280.5000      0.0000
    281.5000      0.0000
    282.5000      0.0000
    283.5000      0.0000
    284.5000      0.0000
    285.5000      0.0000
    286.5000      0.0000
    287.5000      0.0000
    288.5000      0.0000
    289.5000      0.0000
    290.5000      0.0000
    291.5000      0.0000
    292.5000      0.0000
    293.5000      0.0000
    294.5000      0.0000
    295.5000      0.0000
    296.5000      0.0000
    297.5000      0.0000
    298.5000      0.0000
    299.5000      0.0000
    300.5000      0.0000
    301.5000      0.0000
    302.5000      0.0000
    303.5000      0.0000
    304.5000      0.0000
    305.5000      0.0000
    306.5000      0.0000
    307.5000      0.0000
    308.5000      0.0000
    309.5000      0.0000
    310.5000      0.0000
    311.5000      0.0000
    312.5000      0.0000
    313.5000      0.0000
    314.5000      0.0000
    315.5000      0.0000
    316.5000      0.0000
    317.5000      0.0000
    318.5000      0.0000
    319.5000      0.0000
    320.5000      0.0000
    321.5000      0.0000
    322.5000      0.0000
    323.5000      0.0000
    324.5000      0.0000
    325.5000      0.0000
    326.5000      0.0000
    327.5000      0.0000
    328.5000      0.0000
    329.5000      0.0000
    330.5000      0.0000
    331.5000      0.0000
    332.5000      0.0000
    333.5000      0.0000
    334.5000      0.0000
    335.5000      0.0000
    336.5000      0.0000
    337.5000      0.0000
    338.5000      0.0000
    339.5000      0.0000
    340.5000      0.0000
    341.5000      0.0000
    342.5000      0.0000
    343.5000      0.0000
    344.5000      0.0000
    345.5000      0.0000
    346.5000      0.0000
    347.5000      0.0000
    348.5000      0.0000
    349.5000      0.0000
    350.5000      0.0000
    351.5000      0.0000
    352.5000      0.0000
    353.5000      0.0000
    354.5000      0.0000
    355.5000      0.0000
    356.5000      0.0000
    357.5000      0.0000
    358.5000      0.0000
    359.5000      0.0000
    360.5000      0.0000
    361.5000      0.0000
    362.5000      0.0000
    363.5000      0.0000
    364.5000      0.0000
    365.5000      0.0000
    366.5000      0.0000
    367.5000      0.0000
    368.5000      0.0000
    369.5000      0.0000
    370.5000      0.0000
    371.5000      0.0000
    372.5000      0.0000
    373.5000      0.0000
    374.5000      0.0000
    375.5000      0.0000
    376.5000      0.0000
    377.5000      0.0000
    378.5000      0.0000
    379.5000      0.0000
    380.5000      0.0000
    381.5000      0.0000
    382.5000      0.0000
    383.5000      0.0000
    384.5000      0.0000
    385.5000      0.0000
    386.5000      0.0000
    387.5000      0.0000
    388.5000      0.0000
    389.5000      0.0000
    390.5000      0.0000
    391.5000      0.0000
    392.5000      0.0000
    393.5000      0.0000
    394.5000      0.0000
    395.5000      0.0000
    396.5000      0.0000
    397.5000      0.0000
    398.5000      0.0000
    399.5000      0.0000
    400.5000      0.0000
    401.5000      0.0000
    402.5000      0.0000
    403.5000      0.0000
    404.5000      0.0000
    405.5000      0.0000
    406.5000      0.0000
    407.5000      0.0000
    408.5000      0.0000
    409.5000      0.0000
    410.5000      0.0000
    411.5000      0.0000
    412.5000      0.0000
    413.5000      0.0000
    414.5000      0.0000
    415.5000      0.0000
    416.5000      0.0000
    417.5000      0.0000
    418.5000      0.0000
    419.5000      0.0000
    420.5000      0.0000
    421.5000      0.0000
    422.5000      0.0000
    423.5000      0.0000
    424.5000      0.0000
    425.5000      0.0000
    426.5000      0.0000
    427.5000      0.0000
    428.5000      0.0000
    429.5000      0.0000
    430.5000      0.0000
    431.5000      0.0000
    432.5000      0.0000
    433.5000      0.0000
    434.5000      0.0000
    435.5000      0.0000
    436.5000      0.0000
    437.5000      0.0000
    438.5000      0.0000
    439.5000      0.0000
    440.5000      0.0000
    441.5000      0.0000
    442.5000      0.0000
    443.5000      0.0000
    444.5000      0.0000
    445.5000      0.0000
    446.5000      0.0000
    447.5000      0.0000
    448.5000      0.0000
    449.5000      0.0000
    450.5000      0.0000
    451.5000      0.0000
    452.5000      0.0000
    453.5000      0.0000
    454.5000      0.0000
    455.5000      0.0000
    456.5000      0.0000
    457.5000      0.0000
    458.5000      0.0000
    459.5000      0.0000
    460.5000      0.0000
    461.5000      0.0000
    462.5000      0.0000
    463.5000      0.0000
    464.5000      0.0000
    465.5000      0.0000
    466.5000      0.0000
    467.5000      0.0000
    468.5000      0.0000
    469.5000      0.0000
    470.5000      0.0000
    471.5000      0.0000
    472.5000      0.0000
    473.5000      0.0000
    474.5000      0.0000
    475.5000      0.0000
    476.5000      0.0000
    477.5000      0.0000
    478.5000      0.0000
    479.5000      0.0000
    480.5000      0.0000
    481.5000      0.0000
    482.5000      0.0000
    483.5000      0.0000
    484.5000      0.0000
    485.5000      0.0000
    486.5000      0.0000
    487.5000      0.0000
    488.5000      0.0000
    489.5000      0.0000
    490.5000      0.0000
    491.5000      0.0000
    492.5000      0.0000
    493.5000      0.0000
    494.5000      0.0000
    495.5000      0.0000
    496.5000      0.0000
    497.5000      0.0000
    498.5000      0.0000
    499.5000      0.0000
    500.5000      0.0000
    501.5000      0.0000
    502.5000      0.0000
    503.5000      0.0000
    504.5000      0.0000
    505.5000      0.0000
    506.5000      0.0000
    507.5000      0.0000
    508.5000      0.0000
    509.5000      0.0000
    510.5000      0.0000
    511.5000      0.0000
    512.5000      0.0000
    513.5000      0.0000
    514.5000      0.0000
    515.5000      0.0000
    516.5000      0.0000
    517.5000      0.0000
    518.5000      0.0000
    519.5000      0.0000
    520.5000      0.0000
    521.5000      0.0000
    522.5000      0.0000
    523.5000      0.0000
    524.5000      0.0000
    525.5000      0.0000
    526.5000      0.0000
    527.5000      0.0000
    528.5000      0.0000
    529.5000      0.0000
    530.5000      0.0000
    531.5000      0.0000
    532.5000      0.0000
    533.5000      0.0000
    534.5000      0.0000
    535.5000      0.0000
    536.5000      0.0000
    537.5000      0.0000
    538.5000      0.0000
    539.5000      0.0000
    540.5000      0.0000
    541.5000      0.0000
    542.5000      0.0000
    543.5000      0.0000
    544.5000      0.0000
    545.5000      0.0000
    546.5000      0.0000
    547.5000      0.0000
    548.5000      0.0000
    549.5000      0.0000
    550.5000      0.0000
    551.5000      0.0000
    552.5000      0.0000
    553.5000      0.0000
    554.5000      0.0000
    555.5000      0.0000
    556.5000      0.0000
    557.5000      0.0000
    558.5000      0.0000
    559.5000      0.0000
    560.5000      0.0000
    561.5000      0.0000
    562.5000      0.0000
    563.5000      0.0000
    564.5000      0.0000
    565.5000      0.0000
    566.5000      0.0000
    567.5000      0.0000
    568.5000      0.0000
    569.5000      0.0000
    570.5000      0.0000
    571.5000      0.0000
    572.5000      0.0000
    573.5000      0.0000
    574.5000      0.0000
    575.5000      0.0000
    576.5000      0.0000
    577.5000      0.0000
    578.5000      0.0000
    579.5000      0.0000
    580.5000      0.0000
    581.5000      0.0000
    582.5000      0.0000
    583.5000      0.0000
    584.5000      0.0000
    585.5000      0.0000
    586.5000      0.0000
    587.5000      0.0000
    588.5000      0.0000
    589.5000      0.0000
    590.5000      0.0000
    591.5000      0.0000
    592.5000      0.0000
    593.5000      0.0000
    594.5000      0.0000
    595.5000      0.0000
    596.5000      0.0000
    597.5000      0.0000
    598.5000      0.0000
    599.5000      0.0000
    600.5000      0.0000
    601.5000      0.0000
    602.5000      0.0000
    603.5000      0.0000
    604.5000      0.0000
    605.5000      0.0000
    606.5000      0.0000
    607.5000      0.0000
    608.5000      0.0000
    609.5000      0.0000
    610.5000      0.0000
    611.5000      0.0000
    612.5000      0.0000
    613.5000      0.0000
    614.5000      0.0000
    615.5000      0.0000
    616.5000      0.0000
    617.5000      0.0000
    618.5000      0.0000
    619.5000      0.0000
    620.5000      0.0000
    621.5000      0.0000
    622.5000      0.0000
    623.5000      0.0000
    624.5000      0.0000
    625.5000      0.0000
    626.5000      0.0000
    627.5000      0.0000
    628.5000      0.0000
    629.5000      0.0000
    630.5000      0.0000
    631.5000      0.0000
    632.5000      0.0000
    633.5000      0.0000
    634.5000      0.0000
    635.5000      0.0000
    636.5000      0.0000
    637.5000      0.0000
    638.5000      0.0000
    639.5000      0.0000
    640.5000      0.0000
    641.5000      0.0000
    642.5000      0.0000
    643.5000      0.0000
    644.5000      0.0000
    645.5000      0.0000
    646.5000      0.0000
    647.5000      0.0000
    648.5000      0.0000
    649.5000      0.0000
    650.5000      0.0000
    651.5000      0.0000
    652.5000      0.0000
    653.5000      0.0000
    654.5000      0.0000
    655.5000      0.0000
    656.5000      0.0000
    657.5000      0.0000
    658.5000      0.0000
    659.5000      0.0000
    660.5000      0.0000
    661.5000      0.0000
    662.5000      0.0000
    663.5000      0.0000
    664.5000      0.0000
    665.5000      0.0000
    666.5000      0.0000
    667.5000      0.0000
    668.5000      0.0000
    669.5000      0.0000
    670.5000      0.0000
    671.5000      0.0000
    672.5000      0.0000
    673.5000      0.0000
    674.5000      0.0000
    675.5000      0.0000
    676.5000      0.0000
    677.5000      0.0000
    678.5000      0.0000
    679.5000      0.0000
    680.5000      0.0000
    681.5000      0.0000
    682.5000      0.0000
    683.5000      0.0000
    684.5000      0.0000
    685.5000      0.0000
    686.5000      0.0000
    687.5000      0.0000
    688.5000      0.0000
    689.5000      0.0000
    690.5000      0.0000
    691.5000      0.0000
    692.5000      0.0000
    693.5000      0.0000
    694.5000      0.0000
    695.5000      0.0000
    696.5000      0.0000
    697.5000      0.0000
    698.5000      0.0000
    699.5000      0.0000
    700.5000      0.0000
    701.5000      0.0000
    702.5000      0.0000
    703.5000      0.0000
    704.5000      0.0000
    705.5000      0.0000
    706.5000      0.0000
    707.5000      0.0000
    708.5000      0.0000
    709.5000      0.0000
    710.5000      0.0000
    711.5000      0.0000
    712.5000      0.0000
    713.5000      0.0000
    714.5000      0.0000
    715.5000      0.0000
    716.5000      0.0000
    717.5000      0.0000
    718.5000      0.0000
    719.5000      0.0000
    720.5000      0.0000
    721.5000      0.0000
    722.5000      0.0000
    723.5000      0.0000
    724.5000      0.0000
    725.5000      0.0000
    726.5000      0.0000
    727.5000      0.0000
    728.5000      0.0000
    729.5000      0.0000
    730.5000      0.0000
    731.5000      0.0000
    732.5000      0.0000
    733.5000      0.0000
    734.5000      0.0000
    735.5000      0.0000
    736.5000      0.0000
    737.5000      0.0000
    738.5000      0.0000
    739.5000      0.0000
    740.5000      0.0000
    741.5000      0.0000
    742.5000      0.0000
    743.5000      0.0000
    744.5000      0.0000
    745.5000      0.0000
    746.5000      0.0000
    747.5000      0.0000
    748.5000      0.0000
    749.5000      0.0000
    750.5000      0.0000
    751.5000      0.0000
    752.5000      0.0000
    753.5000      0.0000
    754.5000      0.0000
    755.5000      0.0000
    756.5000      0.0000
    757.5000      0.0000
    758.5000      0.0000
    759.5000      0.0000
    760.5000      0.0000
    761.5000      0.0000
    762.5000      0.0000
    763.5000      0.0000
    764.5000      0.0000
    765.5000      0.0000
    766.5000      0.0000
    767.5000      0.0000
    768.5000      0.0000
    769.5000      0.0000
    770.5000      0.0000
    771.5000      0.0000
    772.5000      0.0000
    773.5000      0.0000
    774.5000      0.0000
    775.5000      0.0000
    776.5000      0.0000
    777.5000      0.0000
    778.5000      0.0000
    779.5000      0.0000
    780.5000      0.0000
    781.5000      0.0000
    782.5000      0.0000
    783.5000      0.0000
    784.5000      0.0000
    785.5000      0.0000
    786.5000      0.0000
    787.5000      0.0000
    788.5000      0.0000
    789.5000      0.0000
    790.5000      0.0000
    791.5000      0.0000
    792.5000      0.0000
    793.5000      0.0000
    794.5000      0.0000
    795.5000      0.0000
    796.5000      0.0000
    797.5000      0.0000
    798.5000      0.0000
    799.5000      0.0000
    800.5000      0.0000
    801.5000      0.0000
    802.5000      0.0000
    803.5000      0.0000
    804.5000      0.0000
    805.5000      0.0000
    806.5000      0.0000
    807.5000      0.0000
    808.5000      0.0000
    809.5000      0.0000
    810.5000      0.0000
    811.5000      0.0000
    812.5000      0.0000
    813.5000      0.0000
    814.5000      0.0000
    815.5000      0.0000
    816.5000      0.0000
    817.5000      0.0000
    818.5000      0.0000
    819.5000      0.0000
    820.5000      0.0000
    821.5000      0.0000
    822.5000      0.0000
    823.5000      0.0000
    824.5000      0.0000
    825.5000      0.0000
    826.5000      0.0000
    827.5000      0.0000
    828.5000      0.0000
    829.5000      0.0000
    830.5000      0.0000
    831.5000      0.0000
    832.5000      0.0000
    833.5000      0.0000
    834.5000      0.0000
    835.5000      0.0000
    836.5000      0.0000
    837.5000      0.0000
    838.5000      0.0000
    839.5000      0.0000
    840.5000      0.0000
    841.5000      0.0000
    842.5000      0.0000
    843.5000      0.0000
    844.5000      0.0000
    845.5000      0.0000
    846.5000      0.0000
    847.5000      0.0000
    848.5000      0.0000
    849.5000      0.0000
    850.5000      0.0000
    851.5000      0.0000
    852.5000      0.0000
    853.5000      0.0000
    854.5000      0.0000
    855.5000      0.0000
    856.5000      0.0000
    857.5000      0.0000
    858.5000      0.0000
    859.5000      0.0000
    860.5000      0.0000
    861.5000      0.0000
    862.5000      0.0000
    863.5000      0.0000
    864.5000      0.0000
    865.5000      0.0000
    866.5000      0.0000
    867.5000      0.0000
    868.5000      0.0000
    869.5000      0.0000
    870.5000      0.0000
    871.5000      0.0000
    872.5000      0.0000
    873.5000      0.0000
    874.5000      0.0000
    875.5000      0.0000
    876.5000      0.0000
    877.5000      0.0000
    878.5000      0.0000
    879.5000      0.0000
    880.5000      0.0000
    881.5000      0.0000
    882.5000      0.0000
    883.5000      0.0000
    884.5000      0.0000
    885.5000      0.0000
    886.5000      0.0000
    887.5000      0.0000
    888.5000      0.0000
    889.5000      0.0000
    890.5000      0.0000
    891.5000      0.0000
    892.5000      0.0000
    893.5000      0.0000
    894.5000      0.0000
    895.5000      0.0000
    896.5000      0.0000
    897.5000      0.0000
    898.5000      0.0000
    899.5000      0.0000
    900.5000      0.0000
    901.5000      0.0000
    902.5000      0.0000
    903.5000      0.0000
    904.5000      0.0000
    905.5000      0.0000
    906.5000      0.0000
    907.5000      0.0000
    908.5000      0.0000
    909.5000      0.0000
    910.5000      0.0000
    911.5000      0.0000
    912.5000      0.0000
    913.5000      0.0000
    914.5000      0.0000
    915.5000      0.0000
    916.5000      0.0000
    917.5000      0.0000
    918.5000      0.0000
    919.5000      0.0000
    920.5000      0.0000
    921.5000      0.0000
    922.5000      0.0000
    923.5000      0.0000
    924.5000      0.0000
    925.5000      0.0000
    926.5000      0.0000
    927.5000      0.0000
    928.5000      0.0000
    929.5000      0.0000
    930.5000      0.0000
    931.5000      0.0000
    932.5000      0.0000
    933.5000      0.0000
    934.5000      0.0000
    935.5000      0.0000
    936.5000      0.0000
    937.5000      0.0000
    938.5000      0.0000
    939.5000      0.0000
    940.5000      0.0000
    941.5000      0.0000
    942.5000      0.0000
    943.5000      0.0000
    944.5000      0.0000
    945.5000      0.0000
    946.5000      0.0000
    947.5000      0.0000
    948.5000      0.0000
    949.5000      0.0000
    950.5000      0.0000
    951.5000      0.0000
    952.5000      0.0000
    953.5000      0.0000
    954.5000      0.0000
    955.5000      0.0000
    956.5000      0.0000
    957.5000      0.0000
    958.5000      0.0000
    959.5000      0.0000
    960.5000      0.0000
    961.5000      0.0000
    962.5000      0.0000
    963.5000      0.0000
    964.5000      0.0000
    965.5000      0.0000
    966.5000      0.0000
    967.5000      0.0000
    968.5000      0.0000
    969.5000      0.0000
    970.5000      0.0000
    971.5000      0.0000
    972.5000      0.0000
    973.5000      0.0000
    974.5000      0.0000
    975.5000      0.0000
    976.5000      0.0000
    977.5000      0.0000
    978.5000      0.0000
    979.5000      0.0000
    980.5000      0.0000
    981.5000      0.0000
    982.5000      0.0000
    983.5000      0.0000
    984.5000      0.0000
    985.5000      0.0000
    986.5000      0.0000
    987.5000      0.0000
    988.5000      0.0000
    989.5000      0.0000
    990.5000      0.0000
    991.5000      0.0000
    992.5000      0.0000
    993.5000      0.0000
    994.5000      0.0000
    995.5000      0.0000
    996.5000      0.0000
    997.5000      0.0000
    998.5000      0.0000
    999.5000      0.0000
   1000.5000      0.0000
   1001.5000      0.0000
   1002.5000      0.0000
   1003.5000      0.0000
   1004.5000      0.0000
   1005.5000      0.0000
   1006.5000      0.0000
   1007.5000      0.0000
   1008.5000      0.0000
   1009.5000      0.0000
   1010.5000      0.0000
   1011.5000      0.0000
   1012.5000      0.0000
   1013.5000      0.0000
   1014.5000      0.0000
   1015.5000      0.0000
   1016.5000      0.0000
   1017.5000      0.0000
   1018.5000      0.0000
   1019.5000      0.0000
   1020.5000      0.0000
   1021.5000      0.0000
   1022.5000      0.0000
   1023.5000      0.0000
   1024.5000      0.0000
   1025.5000      0.0000
   1026.5000      0.0000
   1027.5000      0.0000
   1028.5000      0.0000
   1029.5000      0.0000
   1030.5000      0.0000
   1031.5000      0.0000
   1032.5000      0.0000
   1033.5000      0.0000
   1034.5000      0.0000
   1035.5000      0.0000
   1036.5000      0.0000
   1037.5000      0.0000
   1038.5000      0.0000
   1039.5000      0.0000
   1040.5000      0.0000
   1041.5000      0.0000
   1042.5000      0.0000
   1043.5000      0.0000
   1044.5000      0.0000
   1045.5000      0.0000
   1046.5000      0.0000
   1047.5000      0.0000
   1048.5000      0.0000
   1049.5000      0.0000
   1050.5000      0.0000
   1051.5000      0.0000
   1052.5000      0.0000
   1053.5000      0.0000
   1054.5000      0.0000
   1055.5000      0.0000
   1056.5000      0.0000
   1057.5000      0.0000
   1058.5000      0.0000
   1059.5000      0.0000
   1060.5000      0.0000
   1061.5000      0.0000
   1062.5000      0.0000
   1063.5000      0.0000
   1064.5000      0.0000
   1065.5000      0.0000
   1066.5000      0.0000
   1067.5000      0.0000
   1068.5000      0.0000
   1069.5000      0.0000
   1070.5000      0.0000
   1071.5000      0.0000
   1072.5000      0.0000
   1073.5000      0.0000
   1074.5000      0.0000
   1075.5000      0.0000
   1076.5000      0.0000
   1077.5000      0.0000
   1078.5000      0.0000
   1079.5000      0.0000
   1080.5000      0.0000
   1081.5000      0.0000
   1082.5000      0.0000
   1083.5000      0.0000
   1084.5000      0.0000
   1085.5000      0.0000
   1086.5000      0.0000
   1087.5000      0.0000
   1088.5000      0.0000
   1089.5000      0.0000
   1090.5000      0.0000
   1091.5000      0.0000
   1092.5000      0.0000
   1093.5000      0.0000
   1094.5000      0.0000
   1095.5000      0.0000
   1096.5000      0.0000
   1097.5000      0.0000
   1098.5000      0.0000
   1099.5000      0.0000
   1100.5000      0.0000
   1101.5000      0.0000
   1102.5000      0.0000
   1103.5000      0.0000
   1104.5000      0.0000
   1105.5000      0.0000
   1106.5000      0.0000
   1107.5000      0.0000
   1108.5000      0.0000
   1109.5000      0.0000
   1110.5000      0.0000
   1111.5000      0.0000
   1112.5000      0.0000
   1113.5000      0.0000
   1114.5000      0.0000
   1115.5000      0.0000
   1116.5000      0.0000
   1117.5000      0.0000
   1118.5000      0.0000
   1119.5000      0.0000
   1120.5000      0.0000
   1121.5000      0.0000
   1122.5000      0.0000
   1123.5000      0.0000
   1124.5000      0.0000
   1125.5000      0.0000
   1126.5000      0.0000
   1127.5000      0.0000
   1128.5000      0.0000
   1129.5000      0.0000
   1130.5000      0.0000
   1131.5000      0.0000
   1132.5000      0.0000
   1133.5000      0.0000
   1134.5000      0.0000
   1135.5000      0.0000
   1136.5000      0.0000
   1137.5000      0.0000
   1138.5000      0.0000
   1139.5000      0.0000
   1140.5000      0.0000
   1141.5000      0.0000
   1142.5000      0.0000
   1143.5000      0.0000
   1144.5000      0.0000
   1145.5000      0.0000
   1146.5000      0.0000
   1147.5000      0.0000
   1148.5000      0.0000
   1149.5000      0.0000
   1150.5000      0.0000
   1151.5000      0.0000
   1152.5000      0.0000
   1153.5000      0.0000
   1154.5000      0.0000
   1155.5000      0.0000
   1156.5000      0.0000
   1157.5000      0.0000
   1158.5000      0.0000
   1159.5000      0.0000
   1160.5000      0.0000
   1161.5000      0.0000
   1162.5000      0.0000
   1163.5000      0.0000
   1164.5000      0.0000
   1165.5000      0.0000
   1166.5000      0.0000
   1167.5000      0.0000
   1168.5000      0.0000
   1169.5000      0.0000
   1170.5000      0.0000
   1171.5000      0.0000
   1172.5000      0.0000
   1173.5000      0.0000
   1174.5000      0.0000
   1175.5000      0.0000
   1176.5000      0.0000
   1177.5000      0.0000
   1178.5000      0.0000
   1179.5000      0.0000
   1180.5000      0.0000
   1181.5000      0.0000
   1182.5000      0.0000
   1183.5000      0.0000
   1184.5000      0.0000
   1185.5000      0.0000
   1186.5000      0.0000
   1187.5000      0.0000
   1188.5000      0.0000
   1189.5000      0.0000
   1190.5000      0.0000
   1191.5000      0.0000
   1192.5000      0.0000
   1193.5000      0.0000
   1194.5000      0.0000
   1195.5000      0.0000
   1196.5000      0.0000
   1197.5000      0.0000
   1198.5000      0.0000
   1199.5000      0.0000
   1200.5000      0.0000
   1201.5000      0.0000
   1202.5000      0.0000
   1203.5000      0.0000
   1204.5000      0.0000
   1205.5000      0.0000
   1206.5000      0.0000
   1207.5000      0.0000
   1208.5000      0.0000
   1209.5000      0.0000
   1210.5000      0.0000
   1211.5000      0.0000
   1212.5000      0.0000
   1213.5000      0.0000
   1214.5000      0.0000
   1215.5000      0.0000
   1216.5000      0.0000
   1217.5000      0.0000
   1218.5000      0.0000
   1219.5000      0.0000
   1220.5000      0.0000
   1221.5000      0.0000
   1222.5000      0.0000
   1223.5000      0.0000
   1224.5000      0.0000
   1225.5000      0.0000
   1226.5000      0.0000
   1227.5000      0.0000
   1228.5000      0.0000
   1229.5000      0.0000
   1230.5000      0.0000
   1231.5000      0.0000
   1232.5000      0.0000
   1233.5000      0.0000
   1234.5000      0.0000
   1235.5000      0.0000
   1236.5000      0.0000
   1237.5000      0.0000
   1238.5000      0.0000
   1239.5000      0.0000
   1240.5000      0.0000
   1241.5000      0.0000
   1242.5000      0.0000
   1243.5000      0.0000
   1244.5000      0.0000
   1245.5000      0.0000
   1246.5000      0.0000
   1247.5000      0.0000
   1248.5000      0.0000
   1249.5000      0.0000
   1250.5000      0.0000
   1251.5000      0.0000
   1252.5000      0.0000
   1253.5000      0.0000
   1254.5000      0.0000
   1255.5000      0.0000
   1256.5000      0.0000
   1257.5000      0.0000
   1258.5000      0.0000
   1259.5000      0.0000
   1260.5000      0.0000
   1261.5000      0.0000
   1262.5000      0.0000
   1263.5000      0.0000
   1264.5000      0.0000
   1265.5000      0.0000
   1266.5000      0.0000
   1267.5000      0.0000
   1268.5000      0.0000
   1269.5000      0.0000
   1270.5000      0.0000
   1271.5000      0.0000
   1272.5000      0.0000
   1273.5000      0.0000
   1274.5000      0.0000
   1275.5000      0.0000
   1276.5000      0.0000
   1277.5000      0.0000
   1278.5000      0.0000
   1279.5000      0.0000
   1280.5000      0.0000
   1281.5000      0.0000
   1282.5000      0.0000
   1283.5000      0.0000
   1284.5000      0.0000
   1285.5000      0.0000
   1286.5000      0.0000
   1287.5000      0.0000
   1288.5000      0.0000
   1289.5000      0.0000
   1290.5000      0.0000
   1291.5000      0.0000
   1292.5000      0.0000
   1293.5000      0.0000
   1294.5000      0.0000
   1295.5000      0.0000
   1296.5000      0.0000
   1297.5000      0.0000
   1298.5000      0.0000
   1299.5000      0.0000
   1300.5000      0.0000
   1301.5000      0.0000
   1302.5000      0.0000
   1303.5000      0.0000
   1304.5000      0.0000
   1305.5000      0.0000
   1306.5000      0.0000
   1307.5000      0.0000
   1308.5000      0.0000
   1309.5000      0.0000
   1310.5000      0.0000
   1311.5000      0.0000
   1312.5000      0.0000
   1313.5000      0.0000
   1314.5000      0.0000
   1315.5000      0.0000
   1316.5000      0.0000
   1317.5000      0.0000
   1318.5000      0.0000
   1319.5000      0.0000
   1320.5000      0.0000
   1321.5000      0.0000
   1322.5000      0.0000
   1323.5000      0.0000
   1324.5000      0.0000
   1325.5000      0.0000
   1326.5000      0.0000
   1327.5000      0.0000
   1328.5000      0.0000
   1329.5000      0.0000
   1330.5000      0.0000
   1331.5000      0.0000
   1332.5000      0.0000
   1333.5000      0.0000
   1334.5000      0.0000
   1335.5000      0.0000
   1336.5000      0.0000
   1337.5000      0.0000
   1338.5000      0.0000
   1339.5000      0.0000
   1340.5000      0.0000
   1341.5000      0.0000
   1342.5000      0.0000
   1343.5000      0.0000
   1344.5000      0.0000
   1345.5000      0.0000
   1346.5000      0.0000
   1347.5000      0.0000
   1348.5000      0.0000
   1349.5000      0.0000
   1350.5000      0.0000
   1351.5000      0.0000
   1352.5000      0.0000
   1353.5000      0.0000
   1354.5000      0.0000
   1355.5000      0.0000
   1356.5000      0.0000
   1357.5000      0.0000
   1358.5000      0.0000
   1359.5000      0.0000
   1360.5000      0.0000
   1361.5000      0.0000
   1362.5000      0.0000
   1363.5000      0.0000
   1364.5000      0.0000
   1365.5000      0.0000
   1366.5000      0.0000
   1367.5000      0.0000
   1368.5000      0.0000
   1369.5000      0.0000
   1370.5000      0.0000
   1371.5000      0.0000
   1372.5000      0.0000
   1373.5000      0.0000
   1374.5000      0.0000
   1375.5000      0.0000
   1376.5000      0.0000
   1377.5000      0.0000
   1378.5000      0.0000
   1379.5000      0.0000
   1380.5000      0.0000
   1381.5000      0.0000
   1382.5000      0.0000
   1383.5000      0.0000
   1384.5000      0.0000
   1385.5000      0.0000
   1386.5000      0.0000
   1387.5000      0.0000
   1388.5000      0.0000
   1389.5000      0.0000
   1390.5000      0.0000
   1391.5000      0.0000
   1392.5000      0.0000
   1393.5000      0.0000
   1394.5000      0.0000
   1395.5000      0.0000
   1396.5000      0.0000
   1397.5000      0.0000
   1398.5000      0.0000
   1399.5000      0.0000
   1400.5000      0.0000
   1401.5000      0.0000
   1402.5000      0.0000
   1403.5000      0.0000
   1404.5000      0.0000
   1405.5000      0.0000
   1406.5000      0.0000
   1407.5000      0.0000
   1408.5000      0.0000
   1409.5000      0.0000
   1410.5000      0.0000
   1411.5000      0.0000
   1412.5000      0.0000
   1413.5000      0.0000
   1414.5000      0.0000
   1415.5000      0.0000
   1416.5000      0.0000
   1417.5000      0.0000
   1418.5000      0.0000
   1419.5000      0.0000
   1420.5000      0.0000
   1421.5000      0.0000
   1422.5000      0.0000
   1423.5000      0.0000
   1424.5000      0.0000
   1425.5000      0.0000
   1426.5000      0.0000
   1427.5000      0.0000
   1428.5000      0.0000
   1429.5000      0.0000
   1430.5000      0.0000
   1431.5000      0.0000
   1432.5000      0.0000
   1433.5000      0.0000
   1434.5000      0.0000
   1435.5000      0.0000
   1436.5000      0.0000
   1437.5000      0.0000
   1438.5000      0.0000
   1439.5000      0.0000
   1440.5000      0.0000
   1441.5000      0.0000
   1442.5000      0.0000
   1443.5000      0.0000
   1444.5000      0.0000
   1445.5000      0.0000
   1446.5000      0.0000
   1447.5000      0.0000
   1448.5000      0.0000
   1449.5000      0.0000
   1450.5000      0.0000
   1451.5000      0.0000
   1452.5000      0.0000
   1453.5000      0.0000
   1454.5000      0.0000
   1455.5000      0.0000
   1456.5000      0.0000
   1457.5000      0.0000
   1458.5000      0.0000
   1459.5000      0.0000
   1460.5000      0.0000
   1461.5000      0.0000
   1462.5000      0.0000
   1463.5000      0.0000
   1464.5000      0.0000
   1465.5000      0.0000
   1466.5000      0.0000
   1467.5000      0.0000
   1468.5000      0.0000
   1469.5000      0.0000
   1470.5000      0.0000
   1471.5000      0.0000
   1472.5000      0.0000
   1473.5000      0.0000
   1474.5000      0.0000
   1475.5000      0.0000
   1476.5000      0.0000
   1477.5000      0.0000
   1478.5000      0.0000
   1479.5000      0.0000
   1480.5000      0.0000
   1481.5000      0.0000
   1482.5000      0.0000
   1483.5000      0.0000
   1484.5000      0.0000
   1485.5000      0.0000
   1486.5000      0.0000
   1487.5000      0.0000
   1488.5000      0.0000
   1489.5000      0.0000
   1490.5000      0.0000
   1491.5000      0.0000
   1492.5000      0.0000
   1493.5000      0.0000
   1494.5000      0.0000
   1495.5000      0.0000
   1496.5000      0.0000
   1497.5000      0.0000
   1498.5000      0.0000
   1499.5000      0.0000
   1500.5000      0.0000
   1501.5000      0.0000
   1502.5000      0.0000
   1503.5000      0.0000
   1504.5000      0.0000
   1505.5000      0.0000
   1506.5000      0.0000
   1507.5000      0.0000
   1508.5000      0.0000
   1509.5000      0.0000
   1510.5000      0.0000
   1511.5000      0.0000
   1512.5000      0.0000
   1513.5000      0.0000
   1514.5000      0.0000
   1515.5000      0.0000
   1516.5000      0.0000
   1517.5000      0.0000
   1518.5000      0.0000
   1519.5000      0.0000
   1520.5000      0.0000
   1521.5000      0.0000
   1522.5000      0.0000
   1523.5000      0.0000
   1524.5000      0.0000
   1525.5000      0.0000
   1526.5000      0.0000
   1527.5000      0.0000
   1528.5000      0.0000
   1529.5000      0.0000
   1530.5000      0.0000
   1531.5000      0.0000
   1532.5000      0.0000
   1533.5000      0.0000
   1534.5000      0.0000
   1535.5000      0.0000
   1536.5000      0.0000
   1537.5000      0.0000
   1538.5000      0.0000
   1539.5000      0.0000
   1540.5000      0.0000
   1541.5000      0.0000
   1542.5000      0.0000
   1543.5000      0.0000
   1544.5000      0.0000
   1545.5000      0.0000
   1546.5000      0.0000
   1547.5000      0.0000
   1548.5000      0.0000
   1549.5000      0.0000
   1550.5000      0.0000
   1551.5000      0.0000
   1552.5000      0.0000
   1553.5000      0.0000
   1554.5000      0.0000
   1555.5000      0.0000
   1556.5000      0.0000
   1557.5000      0.0000
   1558.5000      0.0000
   1559.5000      0.0000
   1560.5000      0.0000
   1561.5000      0.0000
   1562.5000      0.0000
   1563.5000      0.0000
   1564.5000      0.0000
   1565.5000      0.0000
   1566.5000      0.0000
   1567.5000      0.0000
   1568.5000      0.0000
   1569.5000      0.0000
   1570.5000      0.0000
   1571.5000      0.0000
   1572.5000      0.0000
   1573.5000      0.0000
   1574.5000      0.0000
   1575.5000      0.0000
   1576.5000      0.0000
   1577.5000      0.0000
   1578.5000      0.0000
   1579.5000      0.0000
   1580.5000      0.0000
   1581.5000      0.0000
   1582.5000      0.0000
   1583.5000      0.0000
   1584.5000      0.0000
   1585.5000      0.0000
   1586.5000      0.0000
   1587.5000      0.0000
   1588.5000      0.0000
   1589.5000      0.0000
   1590.5000      0.0000
   1591.5000      0.0000
   1592.5000      0.0000
   1593.5000      0.0000
   1594.5000      0.0000
   1595.5000      0.0000
   1596.5000      0.0000
   1597.5000      0.0000
   1598.5000      0.0000
   1599.5000      0.0000
   1600.5000      0.0000
   1601.5000      0.0000
   1602.5000      0.0000
   1603.5000      0.0000
   1604.5000      0.0000
   1605.5000      0.0000
   1606.5000      0.0000
   1607.5000      0.0000
   1608.5000      0.0000
   1609.5000      0.0000
   1610.5000      0.0000
   1611.5000      0.0000
   1612.5000      0.0000
   1613.5000      0.0000
   1614.5000      0.0000
   1615.5000      0.0000
   1616.5000      0.0000
   1617.5000      0.0000
   1618.5000      0.0000
   1619.5000      0.0000
   1620.5000      0.0000
   1621.5000      0.0000
   1622.5000      0.0000
   1623.5000      0.0000
   1624.5000      0.0000
   1625.5000      0.0000
   1626.5000      0.0000
   1627.5000      0.0000
   1628.5000      0.0000
   1629.5000      0.0000
   1630.5000      0.0000
   1631.5000      0.0000
   1632.5000      0.0000
   1633.5000      0.0000
   1634.5000      0.0000
   1635.5000      0.0000
   1636.5000      0.0000
   1637.5000      0.0000
   1638.5000      0.0000
   1639.5000      0.0000
   1640.5000      0.0000
   1641.5000      0.0000
   1642.5000      0.0000
   1643.5000      0.0000
   1644.5000      0.0000
   1645.5000      0.0000
   1646.5000      0.0000
   1647.5000      0.0000
   1648.5000      0.0000
   1649.5000      0.0000
   1650.5000      0.0000
   1651.5000      0.0000
   1652.5000      0.0000
   1653.5000      0.0000
   1654.5000      0.0000
   1655.5000      0.0000
   1656.5000      0.0000
   1657.5000      0.0000
   1658.5000      0.0000
   1659.5000      0.0000
   1660.5000      0.0000
   1661.5000      0.0000
   1662.5000      0.0000
   1663.5000      0.0000
   1664.5000      0.0000
   1665.5000      0.0000
   1666.5000      0.0000
   1667.5000      0.0000
   1668.5000      0.0000
   1669.5000      0.0000
   1670.5000      0.0000
   1671.5000      0.0000
   1672.5000      0.0000
   1673.5000      0.0000
   1674.5000      0.0000
   1675.5000      0.0000
   1676.5000      0.0000
   1677.5000      0.0000
   1678.5000      0.0000
   1679.5000      0.0000
   1680.5000      0.0000
   1681.5000      0.0000
   1682.5000      0.0000
   1683.5000      0.0000
   1684.5000      0.0000
   1685.5000      0.0000
   1686.5000      0.0000
   1687.5000      0.0000
   1688.5000      0.0000
   1689.5000      0.0000
   1690.5000      0.0000
   1691.5000      0.0000
   1692.5000      0.0000
   1693.5000      0.0000
   1694.5000      0.0000
   1695.5000      0.0000
   1696.5000      0.0000
   1697.5000      0.0000
   1698.5000      0.0000
   1699.5000      0.0000
   1700.5000      0.0000
   1701.5000      0.0000
   1702.5000      0.0000
   1703.5000      0.0000
   1704.5000      0.0000
   1705.5000      0.0000
   1706.5000      0.0000
   1707.5000      0.0000
   1708.5000      0.0000
   1709.5000      0.0000
   1710.5000      0.0000
   1711.5000      0.0000
   1712.5000      0.0000
   1713.5000      0.0000
   1714.5000      0.0000
   1715.5000      0.0000
   1716.5000      0.0000
   1717.5000      0.0000
   1718.5000      0.0000
   1719.5000      0.0000
   1720.5000      0.0000
   1721.5000      0.0000
   1722.5000      0.0000
   1723.5000      0.0000
   1724.5000      0.0000
   1725.5000      0.0000
   1726.5000      0.0000
   1727.5000      0.0000
   1728.5000      0.0000
   1729.5000      0.0000
   1730.5000      0.0000
   1731.5000      0.0000
   1732.5000      0.0000
   1733.5000      0.0000
   1734.5000      0.0000
   1735.5000      0.0000
   1736.5000      0.0000
   1737.5000      0.0000
   1738.5000      0.0000
   1739.5000      0.0000
   1740.5000      0.0000
   1741.5000      0.0000
   1742.5000      0.0000
   1743.5000      0.0000
   1744.5000      0.0000
   1745.5000      0.0000
   1746.5000      0.0000
   1747.5000      0.0000
   1748.5000      0.0000
   1749.5000      0.0000
   1750.5000      0.0000
   1751.5000      0.0000
   1752.5000      0.0000
   1753.5000      0.0000
   1754.5000      0.0000
   1755.5000      0.0000
   1756.5000      0.0000
   1757.5000      0.0000
   1758.5000      0.0000
   1759.5000      0.0000
   1760.5000      0.0000
   1761.5000      0.0000
   1762.5000      0.0000
   1763.5000      0.0000
   1764.5000      0.0000
   1765.5000      0.0000
   1766.5000      0.0000
   1767.5000      0.0000
   1768.5000      0.0000
   1769.5000      0.0000
   1770.5000      0.0000
   1771.5000      0.0000
   1772.5000      0.0000
   1773.5000      0.0000
   1774.5000      0.0000
   1775.5000      0.0000
   1776.5000      0.0000
   1777.5000      0.0000
   1778.5000      0.0000
   1779.5000      0.0000
   1780.5000      0.0000
   1781.5000      0.0000
   1782.5000      0.0000
   1783.5000      0.0000
   1784.5000      0.0000
   1785.5000      0.0000
   1786.5000      0.0000
   1787.5000      0.0000
   1788.5000      0.0000
   1789.5000      0.0000
   1790.5000      0.0000
   1791.5000      0.0000
   1792.5000      0.0000
   1793.5000      0.0000
   1794.5000      0.0000
   1795.5000      0.0000
   1796.5000      0.0000
   1797.5000      0.0000
   1798.5000      0.0000
   1799.5000      0.0000
   1800.5000      0.0000
   1801.5000      0.0000
   1802.5000      0.0000
   1803.5000      0.0000
   1804.5000      0.0000
   1805.5000      0.0000
   1806.5000      0.0000
   1807.5000      0.0000
   1808.5000      0.0000
   1809.5000      0.0000
   1810.5000      0.0000
   1811.5000      0.0000
   1812.5000      0.0000
   1813.5000      0.0000
   1814.5000      0.0000
   1815.5000      0.0000
   1816.5000      0.0000
   1817.5000      0.0000
   1818.5000      0.0000
   1819.5000      0.0000
   1820.5000      0.0000
   1821.5000      0.0000
   1822.5000      0.0000
   1823.5000      0.0000
   1824.5000      0.0000
   1825.5000      0.0000
   1826.5000      0.0000
   1827.5000      0.0000
   1828.5000      0.0000
   1829.5000      0.0000
   1830.5000      0.0000
   1831.5000      0.0000
   1832.5000      0.0000
   1833.5000      0.0000
   1834.5000      0.0000
   1835.5000      0.0000
   1836.5000      0.0000
   1837.5000      0.0000
   1838.5000      0.0000
   1839.5000      0.0000
   1840.5000      0.0000
   1841.5000      0.0000
   1842.5000      0.0000
   1843.5000      0.0000
   1844.5000      0.0000
   1845.5000      0.0000
   1846.5000      0.0000
   1847.5000      0.0000
   1848.5000      0.0000
   1849.5000      0.0000
   1850.5000      0.0000
   1851.5000      0.0000
   1852.5000      0.0000
   1853.5000      0.0000
   1854.5000      0.0000
   1855.5000      0.0000
   1856.5000      0.0000
   1857.5000      0.0000
   1858.5000      0.0000
   1859.5000      0.0000
   1860.5000      0.0000
   1861.5000      0.0000
   1862.5000      0.0000
   1863.5000      0.0000
   1864.5000      0.0000
   1865.5000      0.0000
   1866.5000      0.0000
   1867.5000      0.0000
   1868.5000      0.0000
   1869.5000      0.0000
   1870.5000      0.0000
   1871.5000      0.0000
   1872.5000      0.0000
   1873.5000      0.0000
   1874.5000      0.0000
   1875.5000      0.0000
   1876.5000      0.0000
   1877.5000      0.0000
   1878.5000      0.0000
   1879.5000      0.0000
   1880.5000      0.0000
   1881.5000      0.0000
   1882.5000      0.0000
   1883.5000      0.0000
   1884.5000      0.0000
   1885.5000      0.0000
   1886.5000      0.0000
   1887.5000      0.0000
   1888.5000      0.0000
   1889.5000      0.0000
   1890.5000      0.0000
   1891.5000      0.0000
   1892.5000      0.0000
   1893.5000      0.0000
   1894.5000      0.0000
   1895.5000      0.0000
   1896.5000      0.0000
   1897.5000      0.0000
   1898.5000      0.0000
   1899.5000      0.0000
   1900.5000      0.0000
   1901.5000      0.0000
   1902.5000      0.0000
   1903.5000      0.0000
   1904.5000      0.0000
   1905.5000      0.0000
   1906.5000      0.0000
   1907.5000      0.0000
   1908.5000      0.0000
   1909.5000      0.0000
   1910.5000      0.0000
   1911.5000      0.0000
   1912.5000      0.0000
   1913.5000      0.0000
   1914.5000      0.0000
   1915.5000      0.0000
   1916.5000      0.0000
   1917.5000      0.0000
   1918.5000      0.0000
   1919.5000      0.0000
   1920.5000      0.0000
   1921.5000      0.0000
   1922.5000      0.0000
   1923.5000      0.0000
   1924.5000      0.0000
   1925.5000      0.0000
   1926.5000      0.0000
   1927.5000      0.0000
   1928.5000      0.0000
   1929.5000      0.0000
   1930.5000      0.0000
   1931.5000      0.0000
   1932.5000      0.0000
   1933.5000      0.0000
   1934.5000      0.0000
   1935.5000      0.0000
   1936.5000      0.0000
   1937.5000      0.0000
   1938.5000      0.0000
   1939.5000      0.0000
   1940.5000      0.0000
   1941.5000      0.0000
   1942.5000      0.0000
   1943.5000      0.0000
   1944.5000      0.0194
   1945.5000      0.4215
   1946.5000      1.6357
   1947.5000      2.8350
   1948.5000      4.0250
   1949.5000      5.2150
   1950.5000      6.3823
   1951.5000      7.7754
   1952.5000      9.4444
   1953.5000     11.2133
   1954.5000     13.2039
   1955.5000     15.4396
   1956.5000     18.0071
   1957.5000     20.9775
   1958.5000     24.1843
   1959.5000     27.6091
   1960.5000     31.6054
   1961.5000     36.2367
   1962.5000     41.4768
   1963.5000     47.6046
   1964.5000     54.7998
   1965.5000     63.0290
   1966.5000     72.2479
   1967.5000     82.6101
   1968.5000     94.2597
   1969.5000    107.2892
   1970.5000    121.6492
   1971.5000    137.1382
   1972.5000    153.8562
   1973.5000    172.2573
   1974.5000    192.5643
   1975.5000    213.2352
   1976.5000    232.9972
   1977.5000    251.9942
   1978.5000    270.0012
   1979.5000    286.4942
   1980.5000    302.1823
   1981.5000    319.4201
   1982.5000    335.1433
   1983.5000    352.5061
   1984.5000    366.7992
   1985.5000    383.2672
   1986.5000    402.4122
   1987.5000    423.3474
   1988.5000    449.3231
   1989.5000    468.0722
   1990.5000    482.7561
   1991.5000    493.7842
   1992.5000    505.8680
   1993.5000    511.9881
   1994.5000    518.2141
   1995.5000    524.6571
   1996.5000    531.4080
   1997.5000    534.9630
   1998.5000    537.6671
   1999.5000    540.1430
   2000.5000    542.3830
   2001.5000    543.1950
   2002.5000    543.6560
   2003.5000    543.3510
   2004.5000    542.8480
   2005.5000    542.1460
   2006.5000    540.6500
   2007.5000    538.4260
   2008.5000    536.3340
   2009.5000    533.7760
   2010.5000    531.2820
   2011.5000    528.5330
   2012.5000    525.8340
   2013.5000    523.1150
   2014.5000    520.5810
   2015.5000    518.0193
   2016.5000    514.5848
   2017.5000    508.8189
   2018.5000    504.2609
   2019.5000    499.6509
   2020.5000    495.0059
   2021.5000    490.3369
   2022.5000    485.6559
   2023.5000    480.9719
   2024.5000    476.2919
   2025.5000    471.6219
   2026.5000    466.9669
   2027.5000    462.3319
   2028.5000    457.7189
   2029.5000    453.1309
   2030.5000    448.5699
   2031.5000    444.0389
   2032.5000    439.5389
   2033.5000    435.0699
   2034.5000    430.6349
   2035.5000    426.2329
   2036.5000    421.8659
   2037.5000    417.5329
   2038.5000    413.2339
   2039.5000    408.9709
   2040.5000    404.7429
   2041.5000    400.5489
   2042.5000    396.3909
   2043.5000    392.2669
   2044.5000    388.1789
   2045.5000    384.1249
   2046.5000    380.1049
   2047.5000    376.1199
   2048.5000    372.1689
   2049.5000    368.2519
   2050.5000    364.3679
   2051.5000    360.5179
   2052.5000    356.7019
   2053.5000    352.9179
   2054.5000    349.1679
   2055.5000    345.4500
   2056.5000    341.7639
   2057.5000    338.1109
   2058.5000    334.4909
   2059.5000    330.9009
   2060.5000    327.3439
   2061.5000    323.8179
   2062.5000    320.3229
   2063.5000    316.8589
   2064.5000    313.4259
   2065.5000    310.0229
   2066.5000    306.6499
   2067.5000    303.3080
   2068.5000    299.9949
   2069.5000    296.7119
   2070.5000    293.4589
   2071.5000    290.2349
   2072.5000    287.0389
   2073.5000    283.8730
   2074.5000    280.7350
   2075.5000    277.6259
   2076.5000    274.5450
   2077.5000    271.4919
   2078.5000    268.4669
   2079.5000    265.4699
   2080.5000    262.4999
   2081.5000    259.5580
   2082.5000    256.6429
   2083.5000    253.7549
   2084.5000    250.8940
   2085.5000    248.0600
   2086.5000    245.2529
   2087.5000    242.4729
   2088.5000    239.7189
   2089.5000    236.9910
   2090.5000    234.2899
   2091.5000    231.6140
   2092.5000    228.9650
   2093.5000    226.3419
   2094.5000    223.7440
   2095.5000    221.1720
   2096.5000    218.6250
   2097.5000    216.1030
   2098.5000    213.6069
   2099.5000    211.1350
   2100.5000    208.6889
   2101.5000    206.2670
   2102.5000    203.8699
   2103.5000    201.4970
   2104.5000    199.1479
   2105.5000    196.8240
   2106.5000    194.5229
   2107.5000    192.2450
   2108.5000    189.9910
   2109.5000    187.7600
   2110.5000    185.5530
   2111.5000    183.3680
   2112.5000    181.2060
   2113.5000    179.0670
   2114.5000    176.9500
   2115.5000    174.8550
   2116.5000    172.7830
   2117.5000    170.7330
   2118.5000    168.7050
   2119.5000    166.6980
   2120.5000    164.7130
   2121.5000    162.7490
   2122.5000    160.8060
   2123.5000    158.8850
   2124.5000    156.9840
   2125.5000    155.1040
   2126.5000    153.2440
   2127.5000    151.4050
   2128.5000    149.5860
   2129.5000    147.7870
   2130.5000    146.0080
   2131.5000    144.2480
   2132.5000    142.5080
   2133.5000    140.7880
   2134.5000    139.0860
   2135.5000    137.4040
   2136.5000    135.7400
   2137.5000    134.0950
   2138.5000    132.4690
   2139.5000    130.8610
   2140.5000    129.2710
   2141.5000    127.6990
   2142.5000    126.1450
   2143.5000    124.6090
   2144.5000    123.0900
   2145.5000    121.5880
   2146.5000    120.1040
   2147.5000    118.6370
   2148.5000    117.1860
   2149.5000    115.7520
   2150.5000    114.3350
   2151.5000    112.9340
   2152.5000    111.5500
   2153.5000    110.1810
   2154.5000    108.8280
   2155.5000    107.4910
   2156.5000    106.1700
   2157.5000    104.8640
   2158.5000    103.5730
   2159.5000    102.2980
   2160.5000    101.0370
   2161.5000     99.7911
   2162.5000     98.5599
   2163.5000     97.3432
   2164.5000     96.1408
   2165.5000     94.9527
   2166.5000     93.7786
   2167.5000     92.6185
   2168.5000     91.4721
   2169.5000     90.3393
   2170.5000     89.2200
   2171.5000     88.1140
   2172.5000     87.0212
   2173.5000     85.9415
   2174.5000     84.8747
   2175.5000     83.8206
   2176.5000     82.7792
   2177.5000     81.7503
   2178.5000     80.7337
   2179.5000     79.7294
   2180.5000     78.7371
   2181.5000     77.7569
   2182.5000     76.7884
   2183.5000     75.8317
   2184.5000     74.8865
   2185.5000     73.9528
   2186.5000     73.0304
   2187.5000     72.1192
   2188.5000     71.2190
   2189.5000     70.3298
   2190.5000     69.4514
   2191.5000     68.5837
   2192.5000     67.7266
   2193.5000     66.8799
   2194.5000     66.0436
   2195.5000     65.2175
   2196.5000     64.4015
   2197.5000     63.5955
   2198.5000     62.7994
   2199.5000     62.0131
   2200.5000     61.2364
   2201.5000     60.4692
   2202.5000     59.7115
   2203.5000     58.9631
   2204.5000     58.2239
   2205.5000     57.4938
   2206.5000     56.7728
   2207.5000     56.0606
   2208.5000     55.3572
   2209.5000     54.6626
   2210.5000     53.9765
   2211.5000     53.2989
   2212.5000     52.6297
   2213.5000     51.9688
   2214.5000     51.3160
   2215.5000     50.6714
   2216.5000     50.0348
   2217.5000     49.4061
   2218.5000     48.7853
   2219.5000     48.1721
   2220.5000     47.5666
   2221.5000     46.9686
   2222.5000     46.3781
   2223.5000     45.7949
   2224.5000     45.2190
   2225.5000     44.6503
   2226.5000     44.0887
   2227.5000     43.5341
   2228.5000     42.9865
   2229.5000     42.4457
   2230.5000     41.9117
   2231.5000     41.3843
   2232.5000     40.8636
   2233.5000     40.3494
   2234.5000     39.8417
   2235.5000     39.3403
   2236.5000     38.8452
   2237.5000     38.3563
   2238.5000     37.8736
   2239.5000     37.3969
   2240.5000     36.9263
   2241.5000     36.4615
   2242.5000     36.0026
   2243.5000     35.5495
   2244.5000     35.1021
   2245.5000     34.6603
   2246.5000     34.2241
   2247.5000     33.7934
   2248.5000     33.3682
   2249.5000     32.9483
   2250.5000     32.5337
   2251.5000     32.1243
   2252.5000     31.7201
   2253.5000     31.3210
   2254.5000     30.9270
   2255.5000     30.5380
   2256.5000     30.1539
   2257.5000     29.7746
   2258.5000     29.4002
   2259.5000     29.0304
   2260.5000     28.6654
   2261.5000     28.3049
   2262.5000     27.9490
   2263.5000     27.5976
   2264.5000     27.2506
   2265.5000     26.9080
   2266.5000     26.5697
   2267.5000     26.2357
   2268.5000     25.9059
   2269.5000     25.5803
   2270.5000     25.2587
   2271.5000     24.9412
   2272.5000     24.6277
   2273.5000     24.3182
   2274.5000     24.0126
   2275.5000     23.7108
   2276.5000     23.4128
   2277.5000     23.1185
   2278.5000     22.8280
   2279.5000     22.5411
   2280.5000     22.2579
   2281.5000     21.9782
   2282.5000     21.7020
   2283.5000     21.4293
   2284.5000     21.1600
   2285.5000     20.8941
   2286.5000     20.6316
   2287.5000     20.3723
   2288.5000     20.1164
   2289.5000     19.8636
   2290.5000     19.6140
   2291.5000     19.3676
   2292.5000     19.1243
   2293.5000     18.8840
   2294.5000     18.6467
   2295.5000     18.4125
   2296.5000     18.1812
   2297.5000     17.9527
   2298.5000     17.7272
   2299.5000     17.5045
   2300.5000     17.2846
   2301.5000     17.0675
   2302.5000     16.8530
   2303.5000     16.6413
   2304.5000     16.4323
   2305.5000     16.2259
   2306.5000     16.0220
   2307.5000     15.8208
   2308.5000     15.6220
   2309.5000     15.4258
   2310.5000     15.2320
   2311.5000     15.0407
   2312.5000     14.8518
   2313.5000     14.6652
   2314.5000     14.4810
   2315.5000     14.2991
   2316.5000     14.1195
   2317.5000     13.9422
   2318.5000     13.7671
   2319.5000     13.5941
   2320.5000     13.4234
   2321.5000     13.2548
   2322.5000     13.0883
   2323.5000     12.9239
   2324.5000     12.7616
   2325.5000     12.6013
   2326.5000     12.4431
   2327.5000     12.2868
   2328.5000     12.1325
   2329.5000     11.9801
   2330.5000     11.8297
   2331.5000     11.6811
   2332.5000     11.5344
   2333.5000     11.3896
   2334.5000     11.2465
   2335.5000     11.1053
   2336.5000     10.9658
   2337.5000     10.8281
   2338.5000     10.6921
   2339.5000     10.5579
   2340.5000     10.4253
   2341.5000     10.2944
   2342.5000     10.1651
   2343.5000     10.0375
   2344.5000      9.9114
   2345.5000      9.7870
   2346.5000      9.6641
   2347.5000      9.5427
   2348.5000      9.4229
   2349.5000      9.3046
   2350.5000      9.1877
   2351.5000      9.0724
   2352.5000      8.9585
   2353.5000      8.8460
   2354.5000      8.7349
   2355.5000      8.6252
   2356.5000      8.5169
   2357.5000      8.4100
   2358.5000      8.3044
   2359.5000      8.2002
   2360.5000      8.0972
   2361.5000      7.9955
   2362.5000      7.8952
   2363.5000      7.7960
   2364.5000      7.6982
   2365.5000      7.6015
   2366.5000      7.5061
   2367.5000      7.4118
   2368.5000      7.3188
   2369.5000      7.2269
   2370.5000      7.1362
   2371.5000      7.0466
   2372.5000      6.9581
   2373.5000      6.8708
   2374.5000      6.7845
   2375.5000      6.6994
   2376.5000      6.6153
   2377.5000      6.5322
   2378.5000      6.4502
   2379.5000      6.3693
   2380.5000      6.2893
   2381.5000      6.2104
   2382.5000      6.1324
   2383.5000      6.0554
   2384.5000      5.9794
   2385.5000      5.9044
   2386.5000      5.8303
   2387.5000      5.7571
   2388.5000      5.6848
   2389.5000      5.6135
   2390.5000      5.5430
   2391.5000      5.4734
   2392.5000      5.4047
   2393.5000      5.3369
   2394.5000      5.2699
   2395.5000      5.2038
   2396.5000      5.1385
   2397.5000      5.0740
   2398.5000      5.0103
   2399.5000      4.9474
   2400.5000      4.8853
   2401.5000      4.8240
   2402.5000      4.7635
   2403.5000      4.7037
   2404.5000      4.6447
   2405.5000      4.5864
   2406.5000      4.5288
   2407.5000      4.4720
   2408.5000      4.4159
   2409.5000      4.3604
   2410.5000      4.3057
   2411.5000      4.2517
   2412.5000      4.1983
   2413.5000      4.1457
   2414.5000      4.0936
   2415.5000      4.0423
   2416.5000      3.9916
   2417.5000      3.9415
   2418.5000      3.8920
   2419.5000      3.8432
   2420.5000      3.7950
   2421.5000      3.7473
   2422.5000      3.7003
   2423.5000      3.6539
   2424.5000      3.6080
   2425.5000      3.5628
   2426.5000      3.5181
   2427.5000      3.4739
   2428.5000      3.4304
   2429.5000      3.3873
   2430.5000      3.3448
   2431.5000      3.3029
   2432.5000      3.2614
   2433.5000      3.2205
   2434.5000      3.1801
   2435.5000      3.1402
   2436.5000      3.1008
   2437.5000      3.0619
   2438.5000      3.0235
   2439.5000      2.9856
   2440.5000      2.9481
   2441.5000      2.9111
   2442.5000      2.8746
   2443.5000      2.8386
   2444.5000      2.8030
   2445.5000      2.7678
   2446.5000      2.7331
   2447.5000      2.6988
   2448.5000      2.6649
   2449.5000      2.6315
   2450.5000      2.5985
   2451.5000      2.5659
   2452.5000      2.5337
   2453.5000      2.5020
   2454.5000      2.4706
   2455.5000      2.4396
   2456.5000      2.4090
   2457.5000      2.3788
   2458.5000      2.3489
   2459.5000      2.3195
   2460.5000      2.2904
   2461.5000      2.2617
   2462.5000      2.2333
   2463.5000      2.2053
   2464.5000      2.1776
   2465.5000      2.1503
   2466.5000      2.1234
   2467.5000      2.0967
   2468.5000      2.0705
   2469.5000      2.0445
   2470.5000      2.0189
   2471.5000      1.9935
   2472.5000      1.9685
   2473.5000      1.9439
   2474.5000      1.9195
   2475.5000      1.8954
   2476.5000      1.8716
   2477.5000      1.8482
   2478.5000      1.8250
   2479.5000      1.8021
   2480.5000      1.7795
   2481.5000      1.7572
   2482.5000      1.7352
   2483.5000      1.7134
   2484.5000      1.6919
   2485.5000      1.6707
   2486.5000      1.6498
   2487.5000      1.6291
   2488.5000      1.6087
   2489.5000      1.5885
   2490.5000      1.5686
   2491.5000      1.5489
   2492.5000      1.5295
   2493.5000      1.5103
   2494.5000      1.4914
   2495.5000      1.4727
   2496.5000      1.4543
   2497.5000      1.4360
   2498.5000      1.4180
   2499.5000      1.4002
   2500.5000      1.3914
